desc: I1 cache:         32768 B, 64 B, 8-way associative
desc: D1 cache:         32768 B, 64 B, 8-way associative
desc: LL cache:         3145728 B, 64 B, 12-way associative
cmd: ./a.out
events: Ir I1mr ILmr Dr D1mr DLmr Dw D1mw DLmw 
fl=/build/eglibc-X4bnBz/eglibc-2.19/csu/../sysdeps/x86_64/multiarch/init-arch.c
fn=__init_cpu_features
31 9 1 1 0 0 0 4 0 0
37 3 0 0 0 0 0 0 0 0
38 4 0 0 0 0 0 1 0 0
39 3 0 0 0 0 0 1 0 0
45 7 1 1 0 0 0 5 0 0
54 5 0 0 0 0 0 1 0 0
57 6 1 1 0 0 0 0 0 0
59 2 0 0 0 0 0 0 0 0
65 3 1 1 0 0 0 0 0 0
66 2 0 0 0 0 0 0 0 0
71 2 0 0 0 0 0 0 0 0
74 5 0 0 2 0 0 0 0 0
101 2 1 1 0 0 0 0 0 0
152 2 0 0 1 0 0 0 0 0
153 9 1 1 0 0 0 4 1 1
160 3 0 0 1 0 0 0 0 0
184 6 2 2 1 0 0 0 0 0
185 4 0 0 2 0 0 0 0 0
186 2 0 0 1 0 0 0 0 0
189 1 0 0 0 0 0 1 0 0
190 2 0 0 1 0 0 1 0 0
192 1 0 0 0 0 0 1 0 0
193 6 0 0 5 0 0 0 0 0
fl=/build/eglibc-X4bnBz/eglibc-2.19/csu/init-first.c
fn=_init
52 10 1 1 3 0 0 5 0 0
58 4 0 0 1 0 0 1 1 1
65 5 2 2 4 0 0 0 0 0
70 1 0 0 0 0 0 1 0 0
71 1 0 0 0 0 0 1 1 1
72 2 0 0 1 1 0 1 1 1
86 4 0 0 0 0 0 4 1 0
94 1 0 0 0 0 0 0 0 0
99 5 0 0 4 0 0 0 0 0
fl=/build/eglibc-X4bnBz/eglibc-2.19/csu/libc-start.c
fn=(below main)
133 9 1 1 2 0 0 5 0 0
137 7 2 2 1 0 0 1 0 0
219 2 0 0 0 0 0 0 0 0
220 4 1 1 0 0 0 4 0 0
242 4 0 0 2 0 0 0 0 0
245 2 0 0 0 0 0 0 0 0
246 8 1 1 4 0 0 4 0 0
250 4 0 0 2 0 0 0 0 0
265 2 0 0 0 0 0 0 0 0
274 3 0 0 0 0 0 2 0 0
275 2 0 0 0 0 0 0 0 0
280 2 0 0 1 1 0 1 0 0
281 2 0 0 1 1 0 1 0 0
284 2 0 0 0 0 0 1 0 0
287 8 0 0 5 0 0 4 0 0
fl=/build/eglibc-X4bnBz/eglibc-2.19/ctype/ctype-info.c
fn=__ctype_init
29 4 1 1 0 0 0 3 0 0
31 8 0 0 6 1 0 1 0 0
33 4 1 1 2 0 0 1 0 0
35 4 0 0 2 0 0 1 0 0
36 3 0 0 3 0 0 0 0 0
fl=/build/eglibc-X4bnBz/eglibc-2.19/elf/../elf/dl-sysdep.c
fn=_dl_sysdep_start
86 8 1 1 1 0 0 5 1 1
87 20 1 1 8 0 0 11 0 0
88 2 0 0 0 0 0 0 0 0
107 1 0 0 0 0 0 0 0 0
110 1 0 0 0 0 0 1 0 0
111 280 1 1 69 4 4 4 2 2
114 2 0 0 0 0 0 1 0 0
115 1 0 0 0 0 0 1 0 0
117 91 3 3 27 2 2 4 0 0
118 108 0 0 17 3 3 0 0 0
121 1 0 0 1 0 0 0 0 0
122 1 0 0 0 0 0 0 0 0
124 1 0 0 1 0 0 0 0 0
125 1 0 0 0 0 0 0 0 0
127 2 1 1 1 0 0 1 0 0
128 1 0 0 0 0 0 0 0 0
130 2 0 0 1 0 0 1 0 0
131 1 0 0 0 0 0 0 0 0
151 2 1 1 1 0 0 1 0 0
152 1 0 0 0 0 0 0 0 0
154 1 0 0 1 0 0 0 0 0
155 1 0 0 0 0 0 0 0 0
157 4 1 1 1 0 0 2 0 0
158 1 0 0 0 0 0 0 0 0
163 2 0 0 1 0 0 1 0 0
164 1 0 0 0 0 0 0 0 0
179 2 0 0 1 1 1 1 0 0
180 1 0 0 0 0 0 0 0 0
212 18 1 1 7 0 0 9 0 0
232 4 0 0 0 0 0 3 0 0
234 5 0 0 0 0 0 2 0 0
246 3 0 0 1 0 0 0 0 0
249 7 1 1 2 0 0 5 0 0
250 1 1 0 1 1 0 0 0 0
251 6 0 0 5 0 0 0 0 0
fn=_dl_sysdep_start_cleanup
256 1 1 1 1 0 0 0 0 0
fl=/build/eglibc-X4bnBz/eglibc-2.19/elf/../misc/sbrk.c
fn=sbrk
34 7 1 1 1 0 0 4 0 0
42 6 0 0 2 1 1 0 0 0
46 2 0 0 0 0 0 0 0 0
57 6 1 1 4 0 0 0 0 0
fl=/build/eglibc-X4bnBz/eglibc-2.19/elf/../sysdeps/i386/dl-machine.h
fn=_dl_fixup
274 12 0 0 6 0 0 6 0 0
fn=_dl_relocate_object
103 28 1 1 12 0 0 0 0 0
109 6 1 1 6 2 0 0 0 0
113 9 0 0 3 3 2 0 0 0
118 6 0 0 3 0 0 3 0 0
126 9 0 0 3 0 0 0 0 0
139 9 1 1 0 0 0 3 0 0
308 108 0 0 0 0 0 0 0 0
311 221 0 0 0 0 0 5 0 0
328 216 0 0 0 0 0 0 0 0
337 5606 10 10 1597 96 89 1093 2 0
338 401 0 0 204 0 0 5 0 0
340 12 1 1 0 0 0 0 0 0
341 408 0 0 102 0 0 0 0 0
347 540 0 0 108 4 4 0 0 0
357 263 2 2 91 0 0 86 2 0
370 6 1 1 0 0 0 0 0 0
371 12 0 0 6 0 0 3 0 0
401 6 0 0 0 0 0 3 0 0
438 30 1 1 10 0 0 0 0 0
440 40 0 0 10 0 0 0 0 0
441 70 0 0 30 6 6 10 0 0
448 27 1 1 18 4 4 0 0 0
465 11 0 0 0 0 0 4 0 0
502 16 1 1 0 0 0 4 0 0
511 8 1 1 8 0 0 0 0 0
610 8 0 0 0 0 0 4 0 0
639 2518 0 0 1260 156 156 0 0 0
640 1256 0 0 1256 130 129 0 0 0
660 69 0 0 46 0 0 0 0 0
661 46 0 0 23 2 2 0 0 0
663 46 0 0 0 0 0 0 0 0
665 76 0 0 38 0 0 0 0 0
666 19 0 0 19 0 0 0 0 0
671 8 1 1 0 0 0 0 0 0
718 8 1 1 0 0 0 0 0 0
720 12 0 0 12 0 0 0 0 0
721 12 1 1 4 0 0 0 0 0
722 4 0 0 0 0 0 4 0 0
723 8 0 0 0 0 0 4 0 0
fn=_dl_start
59 3 1 1 1 1 1 0 0 0
308 9 0 0 0 0 0 0 0 0
338 27 0 0 27 5 5 0 0 0
341 36 0 0 9 0 0 0 0 0
347 54 0 0 9 1 1 0 0 0
357 27 1 1 9 0 0 9 0 0
409 2 0 0 0 0 0 1 0 0
639 22 1 1 11 1 1 0 0 0
640 11 0 0 11 2 2 0 0 0
fn=_dl_sysdep_start
264 5 1 1 2 1 1 0 0 0
fl=/build/eglibc-X4bnBz/eglibc-2.19/elf/../sysdeps/i386/dl-procinfo.h
fn=_dl_load_cache_lookup
100 4 0 0 0 0 0 0 0 0
101 12 0 0 0 0 0 0 0 0
103 20 0 0 0 0 0 12 0 0
104 1 0 0 0 0 0 0 0 0
fl=/build/eglibc-X4bnBz/eglibc-2.19/elf/../sysdeps/i386/dl-tlsdesc.S
fn=???
130 1020 1 1 1020 0 0 0 0 0
fl=/build/eglibc-X4bnBz/eglibc-2.19/elf/../sysdeps/i386/dl-trampoline.S
fn=_dl_runtime_resolve
28 6 1 1 0 0 0 6 0 0
30 6 0 0 0 0 0 6 0 0
32 6 0 0 0 0 0 6 0 0
34 6 0 0 6 0 0 0 0 0
35 6 0 0 6 0 0 0 0 0
36 6 0 0 0 0 0 6 0 0
37 6 1 1 6 0 0 0 0 0
39 6 0 0 6 0 0 0 0 0
40 6 0 0 0 0 0 6 0 0
41 6 0 0 6 0 0 0 0 0
42 6 0 0 6 0 0 0 0 0
fl=/build/eglibc-X4bnBz/eglibc-2.19/elf/../sysdeps/unix/sysv/linux/dl-osinfo.h
fn=security_init
61 2 0 0 0 0 0 0 0 0
84 2 1 1 1 0 0 1 0 0
86 1 0 0 1 0 0 0 0 0
93 1 0 0 1 0 0 0 0 0
101 2 0 0 0 0 0 0 0 0
112 1 0 0 1 0 0 0 0 0
fl=/build/eglibc-X4bnBz/eglibc-2.19/elf/../sysdeps/unix/sysv/linux/dl-sysdep.c
fn=_dl_discover_osversion
45 7 1 1 0 0 0 5 0 0
47 4 0 0 1 0 0 1 1 1
87 6 2 2 0 0 0 2 0 0
102 1 0 0 0 0 0 0 0 0
106 1 0 0 0 0 0 0 0 0
107 1 0 0 0 0 0 0 0 0
109 12 0 0 3 1 1 0 0 0
111 6 0 0 0 0 0 0 0 0
113 17 0 0 4 0 0 0 0 0
115 1 0 0 0 0 0 0 0 0
116 2 0 0 0 0 0 0 0 0
119 3 1 1 0 0 0 0 0 0
120 3 0 0 0 0 0 0 0 0
121 3 0 0 0 0 0 0 0 0
123 13 0 0 0 0 0 0 0 0
128 2 0 0 0 0 0 0 0 0
131 1 0 0 0 0 0 0 0 0
132 6 0 0 5 0 0 0 0 0
fn=_dl_sysdep_start
35 2 0 0 0 0 0 2 0 0
fl=/build/eglibc-X4bnBz/eglibc-2.19/elf/../sysdeps/unix/sysv/linux/i386/brk.c
fn=brk
33 4 1 1 1 0 0 2 0 0
37 5 1 1 0 0 0 0 0 0
39 1 0 0 0 0 0 1 0 0
41 2 0 0 0 0 0 0 0 0
47 1 0 0 0 0 0 0 0 0
48 2 0 0 2 0 0 0 0 0
fl=/build/eglibc-X4bnBz/eglibc-2.19/elf/dl-addr.c
fn=_dl_addr
30 2 0 0 1 0 0 1 0 0
31 2 0 0 1 0 0 1 0 0
34 2 0 0 1 0 0 0 0 0
38 1 0 0 0 0 0 0 0 0
39 4 0 0 3 0 0 1 0 0
40 3 1 1 2 0 0 1 0 0
42 3 0 0 2 0 0 1 0 0
45 3 0 0 1 1 0 0 0 0
50 3042 1 1 2024 0 0 3 0 0
52 2022 0 0 2022 53 22 0 0 0
53 2022 0 0 0 0 0 0 0 0
55 3644 0 0 2733 0 0 0 0 0
61 13180 1 1 2384 579 507 911 0 0
63 11920 0 0 2384 0 0 0 0 0
64 19726 0 0 10924 0 0 0 0 0
71 12931 1 1 8163 137 90 0 0 0
99 3 0 0 1 1 0 0 0 0
100 2 0 0 1 0 0 1 1 0
101 3 0 0 1 0 0 0 0 0
104 3 0 0 1 0 0 0 0 0
116 2 1 1 1 0 0 1 0 0
117 2 1 1 0 0 0 1 0 0
126 12 1 1 0 0 0 8 0 0
131 5 0 0 3 1 0 2 0 0
133 4 1 1 0 0 0 2 0 0
135 2 0 0 0 0 0 0 0 0
138 1 0 0 0 0 0 0 0 0
141 5 1 1 3 2 0 2 0 0
144 7 1 1 5 0 0 0 0 0
fl=/build/eglibc-X4bnBz/eglibc-2.19/elf/dl-altinit.c
fn=dlinit_alt
33 4 0 0 3 0 0 0 0 0
41 3 1 1 0 0 0 2 0 0
43 2 0 0 2 0 0 0 0 0
fl=/build/eglibc-X4bnBz/eglibc-2.19/elf/dl-cache.c
fn=_dl_cache_libcmp
138 66 1 1 0 0 0 44 0 0
139 217 0 0 55 0 0 0 0 0
141 159 0 0 0 0 0 0 0 0
143 59 1 1 54 0 0 0 0 0
149 5 0 0 0 0 0 0 0 0
150 5 0 0 1 0 0 1 0 0
151 4 0 0 1 0 0 0 0 0
153 8 1 1 3 0 0 1 0 0
155 2 0 0 0 0 0 0 0 0
161 260 1 1 52 10 10 0 0 0
163 208 1 1 0 0 0 0 0 0
164 40 0 0 0 0 0 0 0 0
167 42 0 0 0 0 0 0 0 0
168 42 0 0 42 0 0 0 0 0
171 2 0 0 1 0 0 0 0 0
172 55 0 0 44 0 0 0 0 0
fn=_dl_load_cache_lookup
182 8 1 1 0 0 0 6 0 0
190 2 1 1 1 0 0 0 0 0
193 3 0 0 1 0 0 0 0 0
196 5 1 1 0 0 0 1 0 0
204 5 1 1 1 0 0 0 0 0
205 7 0 0 0 0 0 4 0 0
209 1 0 0 0 0 0 1 0 0
212 3 1 1 1 0 0 0 0 0
215 2 0 0 0 0 0 1 0 0
216 3 0 0 0 0 0 0 0 0
217 7 0 0 0 0 0 4 0 0
219 2 1 1 0 0 0 0 0 0
244 4 0 0 1 0 0 1 0 0
253 3 1 1 0 0 0 1 0 0
255 1 0 0 1 0 0 0 0 0
257 10 0 0 0 0 0 2 0 0
259 5 1 1 0 0 0 4 0 0
263 17 2 2 8 0 0 7 0 0
264 1 0 0 0 0 0 0 0 0
278 269 7 7 75 9 9 16 0 0
294 2 0 0 1 0 0 0 0 0
299 7 0 0 5 0 0 0 0 0
fn=_dl_unload_cache
308 4 1 1 0 0 0 2 0 0
309 4 0 0 1 1 0 0 0 0
311 4 0 0 1 0 0 3 0 0
312 1 1 0 0 0 0 1 0 0
314 3 0 0 2 0 0 0 0 0
fl=/build/eglibc-X4bnBz/eglibc-2.19/elf/dl-debug.c
fn=_dl_debug_initialize
47 16 2 1 0 0 0 8 0 0
50 8 1 1 0 0 0 0 0 0
51 4 0 0 4 0 0 0 0 0
55 14 1 1 4 0 0 0 0 0
58 1 0 0 0 0 0 1 0 0
59 2 0 0 0 0 0 1 0 0
60 3 0 0 1 0 0 1 0 0
61 2 0 0 0 0 0 1 0 0
65 8 0 0 8 0 0 0 0 0
fn=_dl_debug_state
74 2 0 0 2 0 0 0 0 0
fl=/build/eglibc-X4bnBz/eglibc-2.19/elf/dl-deps.c
fn=_dl_map_object_deps
147 11 1 1 0 0 0 7 0 0
148 9 2 2 0 0 0 2 0 0
160 2 0 0 0 0 0 2 0 0
161 3 0 0 1 0 0 2 0 0
162 7 0 0 1 0 0 3 0 0
168 9 1 1 2 0 0 2 0 0
178 12 0 0 4 0 0 3 0 0
179 3 0 0 3 0 0 0 0 0
182 3 0 0 0 0 0 2 0 0
188 1 0 0 0 0 0 1 0 0
189 1 0 0 0 0 0 1 0 0
201 2 0 0 1 0 0 1 0 0
202 17 0 0 6 0 0 7 0 0
203 1 0 0 0 0 0 1 0 0
204 2 1 1 0 0 0 2 0 0
209 4 0 0 0 0 0 4 0 0
210 4 0 0 0 0 0 4 0 0
213 8 0 0 4 0 0 4 0 0
217 28 2 2 12 0 0 0 0 0
218 19 1 1 9 0 0 0 0 0
220 2 0 0 0 0 0 0 0 0
222 6 0 0 2 0 0 2 0 0
224 30 1 1 2 0 0 6 0 0
229 28 0 0 12 0 0 0 0 0
231 8 0 0 6 0 0 2 0 0
236 2 0 0 0 0 0 2 0 0
237 4 0 0 0 0 0 2 0 0
238 4 0 0 2 0 0 2 0 0
239 4 0 0 2 0 0 2 0 0
242 206 1 1 54 0 0 2 0 0
243 96 0 0 0 0 0 0 0 0
249 14 1 1 4 0 0 6 0 0
251 2 0 0 0 0 0 2 0 0
254 18 0 0 2 0 0 6 0 0
256 6 1 1 2 0 0 0 0 0
271 2 0 0 2 0 0 0 0 0
273 4 0 0 2 0 0 0 0 0
278 6 0 0 0 0 0 0 0 0
281 2 0 0 0 0 0 2 0 0
282 2 0 0 0 0 0 2 0 0
283 2 0 0 0 0 0 2 0 0
284 4 0 0 2 0 0 2 0 0
286 8 0 0 2 0 0 2 0 0
288 10 1 1 2 0 0 4 0 0
292 6 0 0 2 0 0 0 0 0
293 4 0 0 1 0 0 2 0 0
295 138 1 1 0 0 0 0 0 0
343 2 0 0 0 0 0 1 0 0
471 12 0 0 4 0 0 0 0 0
473 6 1 1 2 0 0 2 0 0
475 6 0 0 0 0 0 4 0 0
476 2 0 0 0 0 0 0 0 0
477 4 0 0 0 0 0 0 0 0
480 4 0 0 2 0 0 2 0 0
481 16 0 0 2 0 0 10 0 0
482 12 0 0 2 0 0 8 0 0
485 4 0 0 2 0 0 2 0 0
486 2 0 0 2 0 0 0 0 0
490 24 1 1 12 0 0 0 0 0
492 4 0 0 4 0 0 0 0 0
493 17 0 0 3 0 0 0 0 0
497 6 1 1 2 0 0 0 0 0
498 2 0 0 1 0 0 1 0 0
501 5 1 1 2 0 0 1 0 0
511 3 1 1 0 0 0 3 0 0
512 2 0 0 1 0 0 0 0 0
514 2 0 0 0 0 0 0 0 0
519 5 0 0 3 0 0 1 0 0
520 1 0 0 0 0 0 1 0 0
522 14 0 0 5 0 0 0 0 0
524 16 0 0 8 0 0 0 0 0
528 16 1 1 8 0 0 4 0 0
532 4 0 0 4 0 0 0 0 0
535 3 0 0 1 0 0 1 0 0
586 6 0 0 3 0 0 1 0 0
587 1 0 0 0 0 0 1 0 0
588 4 1 1 2 0 0 0 0 0
623 9 2 2 2 0 0 5 0 0
625 3 0 0 0 0 0 0 0 0
629 13 1 1 6 0 0 3 0 0
630 9 2 2 1 0 0 2 0 0
631 8 0 0 1 0 0 5 0 0
635 6 0 0 3 0 0 3 0 0
636 21 0 0 6 0 0 6 0 0
642 21 0 0 8 0 0 0 0 0
644 6 0 0 6 0 0 0 0 0
645 8 1 1 0 0 0 0 0 0
647 9 0 0 3 0 0 0 0 0
648 6 0 0 0 0 0 0 0 0
658 1 1 1 1 0 0 0 0 0
670 6 0 0 0 0 0 0 0 0
673 12 0 0 6 0 0 3 0 0
676 28 1 1 6 0 0 10 0 0
683 3 0 0 2 0 0 1 0 0
685 2 0 0 1 0 0 1 0 0
686 1 0 0 1 0 0 0 0 0
687 3 0 0 1 0 0 0 0 0
694 3 1 1 1 0 0 0 0 0
697 3 0 0 1 0 0 0 0 0
700 6 0 0 5 0 0 0 0 0
fn=openaux
60 12 1 1 2 0 0 6 0 0
63 36 0 0 12 0 0 14 0 0
64 4 0 0 2 0 0 0 0 0
67 2 0 0 2 0 0 0 0 0
68 10 0 0 8 0 0 0 0 0
fl=/build/eglibc-X4bnBz/eglibc-2.19/elf/dl-environ.c
fn=_dl_next_ld_env_entry
30 3 1 1 3 0 0 0 0 0
31 1 0 0 0 0 0 0 0 0
33 204 0 0 68 0 0 0 0 0
35 134 0 0 67 31 31 0 0 0
36 20 1 1 10 0 0 0 0 0
38 2 0 0 0 0 0 0 0 0
41 4 0 0 0 0 0 2 0 0
43 2 0 0 0 0 0 0 0 0
46 65 0 0 0 0 0 0 0 0
50 6 0 0 3 0 0 0 0 0
fl=/build/eglibc-X4bnBz/eglibc-2.19/elf/dl-error.c
fn=_dl_catch_error
163 15 1 1 0 0 0 9 0 0
175 6 0 0 0 0 0 6 0 0
176 6 0 0 0 0 0 6 0 0
177 6 0 0 0 0 0 6 0 0
178 6 1 1 0 0 0 3 0 0
180 9 0 0 3 0 0 6 2 2
181 6 0 0 3 0 0 3 0 0
182 6 0 0 0 0 0 3 0 0
185 21 0 0 0 0 0 9 0 0
187 9 1 1 6 0 0 6 0 0
188 9 0 0 6 0 0 3 0 0
189 6 0 0 3 0 0 3 0 0
190 6 0 0 3 0 0 3 0 0
191 6 0 0 3 0 0 3 0 0
199 15 0 0 9 0 0 0 0 0
fn=_dl_receive_error
205 10 1 1 0 0 0 6 0 0
206 2 0 0 1 0 0 1 0 0
210 2 0 0 1 0 0 1 0 0
211 2 0 0 1 0 0 1 0 0
214 1 1 1 0 0 0 1 0 0
215 1 0 0 0 0 0 1 0 0
217 3 0 0 1 0 0 2 0 0
219 2 0 0 1 0 0 1 0 0
220 2 0 0 1 0 0 1 0 0
221 6 0 0 5 0 0 0 0 0
fl=/build/eglibc-X4bnBz/eglibc-2.19/elf/dl-hwcaps.c
fn=_dl_important_hwcaps
39 12 2 2 0 0 0 8 1 1
41 6 0 0 4 0 0 2 0 0
42 5 0 0 0 0 0 2 0 0
51 549 2 2 137 0 0 81 0 0
52 216 0 0 54 0 0 0 0 0
53 54 0 0 27 0 0 0 0 0
61 4 0 0 1 0 0 1 0 0
92 2 1 1 0 0 0 0 0 0
113 3 1 1 1 0 0 1 0 0
115 8 0 0 1 0 0 4 0 0
130 6 0 0 0 0 0 1 0 0
131 2 0 0 0 0 0 0 0 0
133 2 1 1 0 0 0 0 0 0
145 2 1 1 0 0 0 0 0 0
162 116 3 3 30 0 0 1 0 0
163 270 0 0 27 0 0 0 0 0
165 22 1 1 10 0 0 7 0 0
166 8 0 0 2 0 0 6 0 0
167 24 0 0 2 0 0 0 0 0
168 2 0 0 2 0 0 0 0 0
170 2 0 0 1 0 0 0 0 0
172 3 0 0 2 0 0 1 0 0
173 6 0 0 2 0 0 1 0 0
177 3 1 1 1 0 0 1 0 0
178 1 0 0 0 0 0 1 0 0
181 2 0 0 1 0 0 0 0 0
184 2 0 0 1 0 0 0 0 0
185 1 0 0 1 0 0 0 0 0
188 8 1 1 3 0 0 3 0 0
189 2 0 0 1 0 0 0 0 0
191 1 0 0 0 0 0 0 0 0
192 12 0 0 3 0 0 0 0 0
193 4 0 0 2 0 0 0 0 0
194 2 0 0 1 0 0 0 0 0
195 2 0 0 1 0 0 0 0 0
196 3 0 0 0 0 0 0 0 0
197 3 1 1 1 0 0 0 0 0
201 4 0 0 1 0 0 0 0 0
207 7 0 0 2 0 0 2 0 0
208 5 1 1 0 0 0 3 0 0
209 2 0 0 0 0 0 0 0 0
238 5 0 0 1 0 0 2 0 0
241 3 0 0 2 0 0 0 0 0
248 12 1 1 4 0 0 3 0 0
251 8 0 0 0 0 0 4 0 0
254 36 0 0 12 0 0 20 0 0
257 36 0 0 8 0 0 4 0 0
258 40 1 1 0 0 0 0 0 0
259 52 0 0 16 0 0 28 0 0
262 40 1 1 12 0 0 24 0 0
264 12 0 0 4 0 0 0 0 0
269 45 1 1 4 0 0 0 0 0
270 32 0 0 0 0 0 16 1 1
274 16 0 0 0 0 0 4 0 0
277 152 0 0 8 0 0 0 0 0
278 192 1 1 64 0 0 0 0 0
279 96 0 0 64 0 0 0 0 0
281 8 0 0 0 0 0 0 0 0
284 2 0 0 1 0 0 0 0 0
285 3 0 0 1 0 0 0 0 0
286 28 2 2 10 0 0 1 0 0
288 30 0 0 6 0 0 0 0 0
289 9 0 0 6 0 0 3 0 0
291 6 0 0 3 0 0 3 0 0
292 6 0 0 0 0 0 0 0 0
299 24 0 0 8 0 0 8 0 0
300 8 0 0 0 0 0 0 0 0
302 16 0 0 0 0 0 0 0 0
305 4 0 0 3 0 0 1 0 0
307 1 0 0 0 0 0 0 0 0
308 6 0 0 5 0 0 0 0 0
fl=/build/eglibc-X4bnBz/eglibc-2.19/elf/dl-init.c
fn=_dl_init
36 38 1 1 17 0 0 13 0 0
86 10 1 1 0 0 0 7 0 0
87 1 0 0 1 0 0 0 0 0
88 1 0 0 1 0 0 0 0 0
91 3 0 0 1 1 0 0 0 0
94 2 1 1 0 0 0 1 0 0
98 2 0 0 0 0 0 0 0 0
124 2 1 1 1 0 0 0 0 0
125 19 0 0 0 0 0 0 0 0
126 8 0 0 8 0 0 0 0 0
132 6 0 0 5 0 0 0 0 0
fn=call_init.part.0
34 36 0 0 0 0 0 20 0 0
42 12 1 1 4 0 0 4 0 0
45 16 0 0 8 1 0 0 0 0
46 3 1 1 0 0 0 0 0 0
50 9 0 0 3 0 0 0 0 0
51 3 0 0 1 0 0 0 0 0
55 4 0 0 2 0 0 0 0 0
63 4 0 0 0 0 0 0 0 0
64 16 1 1 8 0 0 8 0 0
67 2 0 0 2 0 0 0 0 0
68 4 0 0 0 0 0 0 0 0
74 8 0 0 4 0 0 2 0 0
76 4 0 0 4 0 0 0 0 0
77 20 0 0 4 0 0 0 0 0
78 24 1 1 12 0 0 16 0 0
80 24 0 0 20 0 0 0 0 0
fl=/build/eglibc-X4bnBz/eglibc-2.19/elf/dl-load.c
fn=???
1512 46 0 0 46 0 0 0 0 0
fn=_dl_init_paths
714 9 1 1 0 0 0 5 0 0
727 8 1 1 2 0 0 3 0 0
731 1 0 0 0 0 0 1 0 0
732 3 0 0 0 0 0 3 0 0
733 2 0 0 0 0 0 0 0 0
740 3 0 0 0 0 0 0 0 0
741 3 0 0 1 0 0 1 0 0
744 2 0 0 1 0 0 1 0 0
745 4 1 1 0 0 0 3 0 0
747 3 0 0 1 0 0 0 0 0
753 1 0 0 0 0 0 1 0 0
754 1 0 0 0 0 0 1 0 0
762 18 0 0 4 0 0 10 0 0
764 9 0 0 3 0 0 5 1 1
765 4 0 0 0 0 0 4 0 0
767 13 2 2 3 0 0 7 1 1
768 10 0 0 6 1 1 4 0 0
769 25 0 0 7 0 0 4 0 0
772 9 0 0 6 1 1 0 0 0
773 220 1 1 8 0 0 4 0 0
774 64 0 0 0 0 0 64 4 4
776 20 0 0 8 0 0 5 0 0
782 1 0 0 0 0 0 1 0 0
783 3 1 1 2 0 0 1 0 0
787 1 0 0 1 0 0 0 0 0
788 2 0 0 0 0 0 0 0 0
790 4 0 0 1 0 0 0 0 0
792 3 0 0 1 0 0 0 0 0
809 1 0 0 0 0 0 1 0 0
811 3 1 1 1 0 0 0 0 0
825 2 1 1 0 0 0 1 0 0
830 4 1 1 1 0 0 0 0 0
838 5 1 1 0 0 0 3 0 0
840 13 1 1 0 0 0 7 0 0
856 3 0 0 0 0 0 0 0 0
857 46 0 0 15 0 0 0 0 0
859 14 0 0 0 0 0 0 0 0
860 28 0 0 0 0 0 0 0 0
861 14 0 0 0 0 0 0 0 0
864 1 1 1 0 0 0 1 0 0
865 2 0 0 0 0 0 2 0 0
866 2 0 0 0 0 0 0 0 0
872 11 0 0 2 0 0 6 0 0
876 4 0 0 2 0 0 0 0 0
882 1 0 0 0 0 0 1 0 0
886 6 0 0 5 0 0 0 0 0
fn=_dl_map_object
691 9 2 2 3 0 0 0 0 0
2317 30 1 1 0 0 0 21 3 3
2324 9 0 0 3 0 0 0 0 0
2325 9 1 1 6 0 0 0 0 0
2328 42 0 0 12 0 0 3 0 0
2333 21 1 1 7 0 0 0 0 0
2334 14 0 0 0 0 0 0 0 0
2336 36 0 0 0 0 0 7 0 0
2340 12 0 0 6 0 0 0 0 0
2341 18 1 1 6 0 0 0 0 0
2344 2 0 0 2 0 0 0 0 0
2345 4 0 0 4 0 0 0 0 0
2346 10 0 0 0 0 0 6 0 0
2362 4 0 0 2 0 0 0 0 0
2372 12 1 1 4 0 0 2 0 0
2396 2 0 0 0 0 0 2 0 0
2398 10 0 0 0 0 0 6 0 0
2402 4 1 1 0 0 0 3 0 0
2404 2 1 1 1 0 0 0 0 0
2411 6 0 0 2 0 0 0 0 0
2415 6 2 2 2 0 0 2 0 0
2416 1 0 0 0 0 0 1 0 0
2420 3 1 1 1 0 0 0 0 0
2421 1 0 0 0 0 0 0 0 0
2435 2 1 1 1 0 0 0 0 0
2436 8 1 1 2 0 0 1 0 0
2437 1 0 0 0 0 0 0 0 0
2446 2 0 0 1 0 0 0 0 0
2447 22 2 2 4 0 0 8 0 0
2453 7 0 0 1 0 0 1 0 0
2454 2 0 0 1 0 0 0 0 0
2456 1 1 1 1 0 0 0 0 0
2462 4 0 0 1 0 0 1 0 0
2464 3 1 1 1 0 0 0 0 0
2468 3 0 0 0 0 0 2 0 0
2470 2 0 0 0 0 0 0 0 0
2474 4 0 0 1 0 0 0 0 0
2482 2 0 0 1 0 0 0 0 0
2504 13 1 1 2 0 0 5 0 0
2507 3 1 1 0 0 0 1 0 0
2509 3 0 0 1 0 0 2 0 0
2510 3 0 0 1 0 0 0 0 0
2530 2 1 1 1 0 0 0 0 0
2536 1 0 0 0 0 0 1 0 0
2538 8 1 1 2 0 0 2 0 0
2539 3 0 0 0 0 0 0 0 0
2543 8 1 1 0 0 0 5 0 0
2546 2 0 0 0 0 0 0 0 0
2558 10 0 0 4 0 0 2 0 0
2560 4 1 1 0 0 0 0 0 0
2604 4 0 0 2 0 0 2 0 0
2605 32 1 1 10 0 0 16 0 0
2607 18 0 0 15 0 0 0 0 0
fn=_dl_map_object_from_fd
923 22 1 1 0 0 0 14 1 1
934 8 1 1 2 0 0 4 1 1
935 2 0 0 0 0 0 2 0 0
938 14 0 0 0 0 0 8 1 1
949 29 1 1 9 0 0 2 0 0
950 54 1 1 23 1 1 4 0 0
967 6 1 1 2 0 0 0 0 0
992 4 0 0 2 0 0 0 0 0
1002 4 1 1 2 0 0 0 0 0
1024 8 0 0 4 0 0 0 0 0
1056 4 0 0 0 0 0 0 0 0
1059 24 1 1 12 0 0 8 0 0
1060 4 0 0 0 0 0 0 0 0
1071 6 0 0 4 0 0 2 1 1
1072 6 0 0 4 0 0 2 0 0
1073 6 0 0 4 0 0 2 0 0
1075 8 0 0 0 0 0 2 0 0
1076 12 1 1 8 0 0 0 0 0
1077 6 0 0 2 0 0 2 0 0
1092 2 0 0 0 0 0 2 0 0
1101 20 1 1 0 0 0 6 0 0
1102 2 1 1 0 0 0 2 0 0
1103 2 0 0 0 0 0 2 0 0
1109 112 0 0 36 0 0 0 0 0
1110 136 1 1 17 0 0 0 0 0
1116 4 0 0 2 0 0 2 0 0
1117 6 0 0 2 0 0 2 0 0
1118 2 0 0 0 0 0 0 0 0
1121 2 1 1 1 0 0 1 0 0
1122 1 0 0 0 0 0 0 0 0
1127 28 1 1 8 0 0 8 0 0
1133 28 1 1 8 0 0 8 0 0
1134 4 0 0 0 0 0 0 0 0
1141 36 1 1 12 0 0 8 0 0
1142 32 1 1 12 0 0 12 1 1
1143 16 0 0 8 0 0 0 0 0
1144 8 0 0 4 0 0 4 0 0
1145 4 0 0 0 0 0 4 0 0
1146 12 0 0 8 0 0 4 0 0
1147 12 1 1 8 0 0 4 0 0
1151 8 0 0 4 0 0 0 0 0
1152 12 0 0 6 0 0 2 0 0
1157 28 0 0 4 0 0 4 0 0
1167 4 0 0 0 0 0 0 0 0
1170 3 0 0 1 0 0 0 0 0
1174 1 0 0 0 0 0 1 0 0
1175 2 0 0 1 0 0 1 0 0
1176 2 0 0 0 0 0 0 0 0
1179 4 0 0 1 0 0 1 0 0
1180 2 0 0 1 0 0 1 0 0
1183 2 0 0 1 0 0 1 0 0
1187 4 0 0 1 0 0 0 0 0
1193 2 0 0 0 0 0 2 1 1
1194 1 0 0 0 0 0 0 0 0
1206 6 0 0 0 0 0 2 0 0
1250 4 1 1 2 0 0 2 0 0
1251 2 0 0 0 0 0 0 0 0
1254 4 1 1 2 0 0 2 1 1
1255 4 0 0 2 0 0 2 0 0
1256 2 0 0 0 0 0 0 0 0
1259 12 1 1 4 0 0 0 0 0
1272 10 0 0 6 0 0 2 0 0
1274 4 0 0 2 0 0 0 0 0
1288 2 0 0 2 0 0 0 0 0
1293 26 1 1 8 0 0 18 0 0
1297 4 0 0 0 0 0 0 0 0
1304 6 1 1 2 0 0 2 0 0
1305 6 0 0 4 0 0 2 0 0
1307 4 0 0 2 0 0 0 0 0
1313 8 0 0 1 0 0 4 0 0
1314 1 0 0 1 0 0 0 0 0
1317 2 0 0 2 0 0 0 0 0
1319 4 0 0 2 0 0 2 0 0
1340 24 0 0 12 0 0 0 0 0
1342 10 0 0 6 0 0 0 0 0
1344 30 1 1 10 0 0 14 0 0
1352 16 1 1 8 0 0 0 0 0
1353 6 0 0 4 0 0 2 0 0
1355 12 0 0 4 0 0 0 0 0
1356 7 1 1 4 0 0 1 0 0
1357 10 1 1 4 0 0 1 0 0
1358 4 0 0 3 0 0 0 0 0
1360 5 0 0 2 0 0 1 0 0
1363 20 0 0 12 0 0 0 0 0
1369 4 0 0 2 0 0 0 0 0
1370 4 1 1 0 0 0 2 0 0
1371 12 0 0 6 0 0 2 0 0
1372 4 0 0 0 0 0 0 0 0
1379 4 0 0 2 0 0 0 0 0
1382 4 0 0 0 0 0 0 0 0
1393 16 0 0 2 0 0 10 0 0
1394 10 0 0 6 0 0 0 0 0
1399 4 0 0 2 0 0 0 0 0
1403 11 1 1 3 0 0 7 0 0
1406 2 0 0 0 0 0 0 0 0
1414 4 1 1 4 0 0 0 0 0
1418 8 1 1 4 0 0 0 0 0
1427 8 1 1 2 0 0 4 0 0
1433 4 0 0 0 0 0 0 0 0
1449 6 1 1 2 0 0 0 0 0
1468 4 0 0 2 0 0 2 0 0
1470 10 0 0 4 0 0 0 0 0
1525 6 0 0 2 0 0 0 0 0
1526 2 0 0 1 0 0 1 0 0
1529 10 1 1 2 0 0 4 0 0
1537 14 1 1 4 0 0 0 0 0
1538 2 0 0 1 0 0 0 0 0
1540 8 0 0 4 0 0 2 0 0
1542 4 0 0 2 0 0 0 0 0
1558 4 1 1 0 0 0 2 0 0
1562 4 0 0 2 0 0 0 0 0
1563 6 0 0 2 0 0 0 0 0
1580 4 0 0 2 0 0 0 0 0
1581 1 0 0 0 0 0 1 0 0
1584 8 0 0 4 0 0 4 0 0
1585 8 0 0 4 0 0 4 0 0
1589 6 0 0 2 0 0 0 0 0
1599 6 0 0 2 0 0 2 0 0
1603 8 0 0 2 0 0 0 0 0
1623 12 0 0 10 0 0 0 0 0
fn=expand_dynamic_string_token
415 22 1 1 2 0 0 12 0 0
425 10 1 1 0 0 0 6 0 0
429 4 0 0 0 0 0 0 0 0
440 10 0 0 8 0 0 0 0 0
fn=fillin_rpath
486 12 1 1 0 0 0 8 0 0
488 3 1 1 0 0 0 2 0 0
491 14 0 0 4 0 0 6 0 0
495 5 0 0 1 0 0 2 0 0
497 3 1 1 0 0 0 2 0 0
501 2 0 0 0 0 0 0 0 0
504 2 0 0 0 0 0 1 0 0
508 8 1 1 1 0 0 0 0 0
513 4 0 0 0 0 0 2 0 0
516 3 1 1 1 0 0 0 0 0
523 20 0 0 5 0 0 2 0 0
524 8 0 0 4 0 0 0 0 0
542 5 1 1 1 0 0 1 0 0
545 3 0 0 0 0 0 2 0 0
546 4 1 1 2 0 0 1 0 0
547 4 0 0 0 0 0 2 0 0
548 3 0 0 1 0 0 0 0 0
552 2 0 0 0 0 0 2 0 0
553 1 0 0 0 0 0 0 0 0
554 6 1 1 1 0 0 5 0 0
555 2 0 0 1 0 0 1 0 0
557 2 0 0 1 0 0 0 0 0
563 5 0 0 2 0 0 0 0 0
564 55 0 0 3 0 0 1 0 0
565 16 1 1 0 0 0 16 0 0
567 2 0 0 1 0 0 1 0 0
568 3 0 0 1 0 0 0 0 0
573 2 1 1 0 0 0 1 0 0
575 2 0 0 1 0 0 1 0 0
576 1 0 0 0 0 0 1 0 0
579 6 0 0 2 0 0 2 0 0
581 5 1 1 1 0 0 2 0 0
585 3 0 0 2 0 0 1 0 0
588 6 0 0 5 0 0 0 0 0
fn=local_strdup
160 21 1 1 0 0 0 12 0 0
161 9 0 0 0 0 0 6 0 0
162 6 0 0 0 0 0 6 0 0
164 6 0 0 0 0 0 0 0 0
167 12 0 0 0 0 0 12 0 0
168 15 1 1 12 0 0 0 0 0
fn=open_path
1633 3 0 0 0 0 0 1 0 0
2168 10 2 2 0 0 0 7 0 0
2169 3 0 0 2 0 0 1 0 0
2172 1 0 0 0 0 0 1 0 0
2173 1 0 0 0 0 0 1 0 0
2175 2 0 0 0 0 0 0 0 0
2180 13 1 1 5 0 0 2 0 0
2187 1 0 0 0 0 0 1 0 0
2192 3 0 0 2 0 0 0 0 0
2199 8 1 1 3 0 0 5 0 0
2200 67 0 0 17 0 0 0 0 0
2203 32 1 1 16 0 0 0 0 0
2207 240 1 1 96 0 0 128 0 0
2210 32 0 0 16 0 0 16 0 0
2213 48 0 0 32 0 0 0 0 0
2214 3 1 1 0 0 0 1 0 0
2216 176 1 1 80 0 0 80 0 0
2218 48 0 0 16 0 0 0 0 0
2220 32 0 0 0 0 0 0 0 0
2225 48 1 1 16 0 0 0 0 0
2226 96 0 0 64 0 0 0 0 0
2232 96 1 1 48 0 0 16 0 0
2234 112 0 0 0 0 0 64 0 0
2235 4 0 0 1 0 0 0 0 0
2237 30 1 1 0 0 0 15 0 0
2239 3 1 1 0 0 0 1 0 0
2244 32 0 0 16 0 0 0 0 0
2282 1 0 0 0 0 0 0 0 0
2285 6 1 1 2 0 0 0 0 0
2290 2 0 0 2 0 0 0 0 0
2292 5 0 0 3 0 0 0 0 0
2295 3 0 0 1 0 0 0 0 0
2309 6 0 0 5 0 0 0 0 0
fn=open_verify
1873 216 1 1 18 0 0 144 1 1
1909 54 0 0 18 0 0 0 0 0
1930 90 1 1 18 0 0 72 0 0
1931 36 0 0 0 0 0 0 0 0
1941 2 0 0 0 0 0 2 0 0
1942 6 0 0 2 0 0 2 0 0
1947 20 1 1 4 0 0 8 0 0
1949 4 0 0 0 0 0 0 0 0
1951 8 0 0 4 0 0 2 0 0
1953 4 0 0 0 0 0 0 0 0
1959 4 0 0 0 0 0 0 0 0
1975 26 1 1 2 0 0 8 0 0
1977 4 0 0 4 0 0 0 0 0
1979 14 1 1 2 0 0 8 0 0
2006 3 1 1 3 0 0 0 0 0
2050 6 0 0 4 1 1 0 0 0
2055 4 0 0 2 0 0 0 0 0
2058 10 0 0 2 0 0 2 0 0
2063 4 1 1 2 0 0 0 0 0
2070 6 0 0 2 0 0 0 0 0
2071 10 0 0 2 0 0 2 0 0
2072 6 0 0 2 0 0 2 0 0
2087 87 2 2 15 0 0 2 0 0
2089 36 0 0 17 3 3 0 0 0
2093 12 1 1 6 0 0 2 0 0
2094 6 0 0 0 0 0 0 0 0
2103 23 1 1 4 0 0 12 0 0
2106 2 0 0 0 0 0 0 0 0
2107 6 0 0 2 0 0 0 0 0
2108 6 0 0 2 0 0 0 0 0
2110 6 0 0 0 0 0 0 0 0
2115 1 0 0 0 0 0 0 0 0
2116 1 0 0 0 0 0 0 0 0
2119 2 0 0 0 0 0 0 0 0
2122 4 0 0 1 0 0 0 0 0
2123 5 0 0 1 0 0 0 0 0
2124 3 0 0 2 0 0 1 0 0
2125 3 0 0 1 0 0 0 0 0
2126 6 0 0 2 0 0 0 0 0
2131 16 1 1 0 0 0 0 0 0
2154 108 0 0 90 0 0 0 0 0
fl=/build/eglibc-X4bnBz/eglibc-2.19/elf/dl-lookup.c
fn=_dl_lookup_symbol_x
475 96 0 0 0 0 0 0 0 0
476 5584 0 0 1372 95 92 0 0 0
477 5104 0 0 0 0 0 0 0 0
714 1056 2 2 0 0 0 768 5 3
716 96 1 1 0 0 0 96 0 0
717 192 0 0 0 0 0 192 0 0
720 96 0 0 96 2 1 0 0 0
724 464 0 0 184 0 0 0 0 0
728 1056 0 0 288 0 0 384 0 0
729 288 0 0 96 0 0 0 0 0
731 192 0 0 192 2 1 0 0 0
735 216 1 1 6 0 0 0 0 0
737 2016 1 1 960 0 0 1056 0 0
740 192 0 0 0 0 0 0 0 0
743 6 0 0 0 0 0 0 0 0
766 384 1 1 192 0 0 0 0 0
768 48 1 1 18 0 0 0 0 0
784 12 1 1 6 0 0 6 0 0
785 12 0 0 0 0 0 0 0 0
788 180 0 0 180 0 0 0 0 0
789 630 0 0 180 0 0 0 0 0
815 90 0 0 0 0 0 90 0 0
824 450 0 0 90 0 0 0 0 0
838 270 1 1 90 3 1 0 0 0
839 2 1 1 0 0 0 1 0 0
841 360 0 0 180 0 0 0 0 0
846 180 0 0 90 0 0 90 0 0
848 576 0 0 480 0 0 0 0 0
fn=_dl_setup_hash
856 28 1 1 0 0 0 20 1 1
859 12 1 1 4 0 0 0 0 0
863 4 0 0 4 0 0 0 0 0
867 8 0 0 4 4 4 4 0 0
868 4 0 0 4 0 0 0 0 0
869 4 0 0 4 3 3 0 0 0
871 12 0 0 0 0 0 0 0 0
872 4 0 0 0 0 0 4 0 0
873 12 0 0 4 0 0 4 0 0
875 4 0 0 0 0 0 4 0 0
876 4 1 1 0 0 0 0 0 0
878 4 0 0 0 0 0 4 0 0
879 4 0 0 0 0 0 0 0 0
880 12 0 0 0 0 0 4 0 0
894 24 0 0 20 0 0 0 0 0
fn=check_match.9399
131 810 1 1 0 0 0 450 1 1
132 180 0 0 90 7 6 0 0 0
134 450 0 0 180 3 3 0 0 0
136 270 0 0 90 0 0 0 0 0
146 270 1 1 180 0 0 90 2 1
149 332 0 0 147 1 0 57 0 0
153 180 0 0 180 0 0 0 0 0
154 270 0 0 90 0 0 0 0 0
156 176 1 1 0 0 0 0 0 0
175 176 0 0 176 6 3 0 0 0
176 616 0 0 264 4 1 0 0 0
177 792 1 1 264 0 0 352 0 0
179 89 0 0 0 0 0 0 0 0
204 4 1 1 0 0 0 0 0 0
206 12 0 0 4 0 0 0 0 0
207 8 0 0 2 0 0 0 0 0
210 2 0 0 0 0 0 0 0 0
211 5 0 0 1 0 0 1 0 0
213 2 0 0 0 0 0 1 0 0
222 540 0 0 450 0 0 0 0 0
fn=do_lookup_x
77 864 0 0 384 0 0 480 1 0
82 1056 2 2 192 0 0 576 8 3
88 192 0 0 96 0 0 96 0 0
89 96 0 0 96 0 0 0 0 0
95 301 0 0 0 0 0 301 0 0
96 301 0 0 0 0 0 301 0 0
98 1204 0 0 903 5 3 301 0 0
101 602 0 0 301 0 0 0 0 0
105 602 0 0 301 0 0 0 0 0
109 602 1 1 301 3 2 0 0 0
113 602 0 0 301 1 1 0 0 0
114 384 1 1 0 0 0 192 0 0
119 1204 0 0 301 0 0 301 0 0
123 903 0 0 602 8 4 301 0 0
124 903 0 0 602 0 0 301 0 0
225 301 0 0 301 0 0 0 0 0
226 602 1 1 0 0 0 0 0 0
228 301 0 0 301 38 34 0 0 0
229 288 0 0 0 0 0 96 0 0
230 602 0 0 602 0 0 0 0 0
233 1505 0 0 602 0 0 0 0 0
236 1204 1 1 0 0 0 0 0 0
237 903 0 0 0 0 0 0 0 0
239 192 0 0 192 46 46 0 0 0
240 288 1 1 192 0 0 0 0 0
241 192 0 0 0 0 0 0 0 0
243 192 0 0 96 0 0 0 0 0
246 980 1 1 392 64 62 0 0 0
248 540 0 0 180 0 0 90 0 0
249 744 0 0 276 0 0 186 0 0
250 182 0 0 1 0 0 0 0 0
253 321 0 0 0 0 0 0 0 0
257 212 0 0 0 0 0 212 0 0
272 192 1 1 0 0 0 96 0 0
281 425 0 0 213 0 0 0 0 0
283 2 0 0 0 0 0 0 0 0
286 770 0 0 90 0 0 90 0 0
290 30 1 1 10 0 0 0 0 0
303 270 1 1 180 0 0 90 0 0
304 270 0 0 180 0 0 90 0 0
305 90 0 0 0 0 0 0 0 0
461 1821 0 0 607 0 0 0 0 0
462 140 0 0 28 0 0 28 0 0
465 633 1 1 211 0 0 0 0 0
468 6 0 0 0 0 0 0 0 0
469 576 0 0 480 0 0 0 0 0
fl=/build/eglibc-X4bnBz/eglibc-2.19/elf/dl-minimal.c
fn=__libc_memalign
51 176 1 1 44 0 0 88 1 1
52 87 1 1 43 0 0 0 0 0
57 3 0 0 0 0 0 1 0 0
58 3 1 1 1 0 0 0 0 0
59 1 0 0 0 0 0 0 0 0
63 66 0 0 0 0 0 22 0 0
64 22 0 0 0 0 0 0 0 0
66 146 0 0 0 0 0 0 0 0
70 8 0 0 2 0 0 0 0 0
71 6 1 1 0 0 0 0 0 0
77 14 0 0 0 0 0 14 0 0
79 10 0 0 4 0 0 0 0 0
83 6 0 0 0 0 0 2 0 0
86 22 0 0 0 0 0 22 0 0
87 22 0 0 0 0 0 22 0 0
89 172 0 0 88 0 0 0 0 0
fn=calloc
102 64 1 1 16 0 0 32 1 1
106 16 1 1 0 0 0 0 0 0
109 32 0 0 0 0 0 0 0 0
113 16 0 0 0 0 0 16 0 0
114 40 0 0 32 0 0 0 0 0
fn=free
119 6 1 1 1 0 0 3 0 0
121 2 0 0 1 0 0 0 0 0
128 4 0 0 3 0 0 0 0 0
fn=malloc
93 84 1 1 0 0 0 42 2 2
94 84 0 0 21 0 0 63 0 0
95 63 0 0 42 0 0 0 0 0
fn=strsep
335 32 1 1 4 0 0 20 0 0
338 16 0 0 4 0 0 0 0 0
340 12 1 1 8 0 0 4 0 0
341 8 0 0 0 0 0 0 0 0
345 366 0 0 61 0 0 0 0 0
350 236 0 0 0 0 0 0 0 0
352 472 0 0 118 0 0 0 0 0
360 59 0 0 0 0 0 0 0 0
363 4 1 1 2 0 0 2 0 0
367 28 0 0 24 0 0 0 0 0
fl=/build/eglibc-X4bnBz/eglibc-2.19/elf/dl-misc.c
fn=_dl_name_match_p
288 336 2 2 0 0 0 168 1 1
289 252 0 0 42 0 0 126 1 0
290 3 0 0 0 0 0 0 0 0
292 42 0 0 42 0 0 0 0 0
294 170 0 0 0 0 0 0 0 0
295 276 1 1 46 2 1 138 0 0
298 43 0 0 43 0 0 0 0 0
300 39 0 0 0 0 0 0 0 0
301 210 0 0 168 0 0 0 0 0
fn=_dl_sysdep_read_whole_file
45 9 1 1 0 0 0 5 0 0
52 4 0 0 0 0 0 3 0 0
53 2 0 0 0 0 0 0 0 0
55 7 1 1 0 0 0 4 0 0
57 2 0 0 1 0 0 1 0 0
60 2 0 0 0 0 0 0 0 0
62 9 1 1 0 0 0 7 0 0
73 2 0 0 0 0 0 2 0 0
76 7 0 0 5 0 0 0 0 0
fl=/build/eglibc-X4bnBz/eglibc-2.19/elf/dl-object.c
fn=_dl_add_to_namespace_list
32 27 2 2 0 0 0 18 0 0
34 9 0 0 3 0 0 6 0 0
36 19 0 0 6 0 0 0 0 0
39 15 0 0 5 0 0 0 0 0
40 3 0 0 0 0 0 0 0 0
41 2 0 0 0 0 0 2 0 0
43 2 0 0 0 0 0 2 0 0
46 2 0 0 0 0 0 1 0 0
47 6 0 0 3 0 0 0 0 0
48 12 1 1 6 0 0 6 0 0
49 12 0 0 0 0 0 6 0 0
51 6 0 0 3 0 0 6 0 0
52 18 0 0 15 0 0 0 0 0
fn=_dl_new_object
61 33 1 1 3 0 0 24 0 0
62 15 1 1 0 0 0 12 2 2
68 39 1 1 6 0 0 0 0 0
75 21 0 0 3 0 0 12 0 0
78 6 1 1 0 0 0 0 0 0
81 3 0 0 0 0 0 3 1 1
82 9 0 0 3 0 0 3 3 3
86 6 0 0 0 0 0 3 0 0
87 30 0 0 9 0 0 18 0 0
89 3 1 1 0 0 0 3 0 0
97 15 0 0 9 0 0 3 0 0
98 18 0 0 6 2 2 3 0 0
101 6 1 1 3 0 0 0 0 0
102 8 1 1 0 0 0 3 3 3
103 3 0 0 0 0 0 3 0 0
107 6 0 0 3 0 0 3 0 0
110 58 0 0 0 0 0 0 0 0
112 16 0 0 0 0 0 16 2 2
122 6 0 0 0 0 0 3 2 2
123 3 1 1 0 0 0 3 0 0
126 3 0 0 0 0 0 0 0 0
128 12 0 0 6 1 1 0 0 0
130 6 0 0 0 0 0 2 0 0
133 7 0 0 0 0 0 0 0 0
137 8 0 0 2 0 0 0 0 0
141 12 0 0 2 0 0 0 0 0
143 1 1 1 0 0 0 0 0 0
149 1 0 0 0 0 0 1 0 0
152 6 0 0 0 0 0 3 0 0
155 18 0 0 6 0 0 0 0 0
157 12 1 1 2 0 0 8 0 0
161 10 0 0 0 0 0 0 0 0
165 6 1 1 0 0 0 4 0 0
166 8 0 0 0 0 0 0 0 0
211 14 1 1 4 0 0 8 0 0
216 78 0 0 0 0 0 0 0 0
217 84 0 0 40 0 0 0 0 0
222 4 0 0 0 0 0 2 0 0
225 4 0 0 0 0 0 2 0 0
229 18 1 1 15 0 0 0 0 0
fl=/build/eglibc-X4bnBz/eglibc-2.19/elf/dl-open.c
fn=_dl_find_dso_for_object
178 8 1 1 0 0 0 5 0 0
182 6 0 0 1 0 0 1 0 0
183 10 1 1 3 0 0 0 0 0
184 10 0 0 5 0 0 0 0 0
185 2 0 0 1 0 0 0 0 0
188 3 1 1 1 0 0 0 0 0
192 6 0 0 5 0 0 0 0 0
fl=/build/eglibc-X4bnBz/eglibc-2.19/elf/dl-reloc.c
fn=_dl_protect_relro
322 32 1 1 0 0 0 16 0 0
323 16 0 0 8 0 0 0 0 0
324 8 0 0 4 0 0 0 0 0
325 8 1 1 4 0 0 0 0 0
328 8 0 0 0 0 0 0 0 0
329 28 0 0 0 0 0 16 0 0
335 20 0 0 16 0 0 0 0 0
fn=_dl_relocate_object
154 36 2 2 4 0 0 20 0 0
161 4 0 0 0 0 0 4 0 0
164 12 1 1 0 0 0 4 0 0
165 44 0 0 8 0 0 20 0 0
169 8 0 0 0 0 0 0 0 0
170 20 0 0 8 1 0 0 0 0
176 12 0 0 8 0 0 0 0 0
182 12 0 0 4 0 0 0 0 0
183 12 2 2 4 3 0 0 0 0
186 8 0 0 4 0 0 0 0 0
193 16 0 0 8 0 0 0 0 0
238 16 0 0 12 0 0 4 0 0
264 693 10 10 257 7 0 109 0 0
267 12 0 0 4 0 0 0 0 0
295 8 0 0 8 0 0 0 0 0
298 12 0 0 4 0 0 0 0 0
315 16 0 0 8 1 0 0 0 0
316 16 0 0 4 0 0 4 0 0
317 24 0 0 20 0 0 0 0 0
fl=/build/eglibc-X4bnBz/eglibc-2.19/elf/dl-runtime.c
fn=_dl_fixup
66 54 1 1 0 0 0 30 0 0
69 18 0 0 12 4 2 6 0 0
72 12 0 0 12 4 2 0 0 0
73 60 1 1 18 2 1 18 0 0
74 24 0 0 12 2 1 6 0 0
79 12 0 0 0 0 0 0 0 0
83 18 0 0 12 4 2 0 0 0
87 18 0 0 6 2 1 0 0 0
91 18 0 0 18 4 2 0 0 0
92 18 1 1 6 2 1 0 0 0
94 24 0 0 6 2 1 0 0 0
100 6 0 0 0 0 0 0 0 0
101 18 0 0 6 1 1 0 0 0
111 96 1 1 30 4 1 42 0 0
115 18 0 0 6 0 0 0 0 0
125 42 1 1 18 0 0 0 0 0
141 24 0 0 6 0 0 0 0 0
145 18 0 0 6 2 1 0 0 0
149 42 0 0 30 0 0 0 0 0
fl=/build/eglibc-X4bnBz/eglibc-2.19/elf/dl-tls.c
fn=_dl_add_to_slotinfo
831 8 1 1 0 0 0 5 0 0
837 2 0 0 2 0 0 0 0 0
840 2 0 0 1 1 0 0 0 0
845 3 0 0 1 1 0 0 0 0
886 3 1 1 1 0 0 1 0 0
887 3 0 0 1 0 0 1 0 0
888 6 0 0 5 0 0 0 0 0
fn=_dl_allocate_tls_init
376 8 1 1 0 0 0 6 0 0
377 2 0 0 0 0 0 0 0 0
381 3 0 0 2 1 0 1 0 0
383 1 1 1 0 0 0 1 0 0
384 1 0 0 0 0 0 1 0 0
389 3 0 0 1 0 0 1 0 0
394 15 0 0 6 0 0 0 0 0
400 8 1 1 1 0 0 0 0 0
403 1 1 1 1 0 0 0 0 0
404 2 0 0 0 0 0 0 0 0
410 5 0 0 2 0 0 1 0 0
412 2 1 1 0 0 0 0 0 0
413 2 0 0 1 0 0 0 0 0
422 2 0 0 1 0 0 0 0 0
423 5 0 0 2 0 0 1 0 0
425 2 0 0 1 0 0 0 0 0
426 3 0 0 1 0 0 0 0 0
434 3 1 1 1 0 0 1 1 0
435 1 0 0 0 0 0 1 0 0
436 11 0 0 2 0 0 8 0 0
450 3 2 2 2 0 0 1 0 0
452 1 0 0 1 0 0 0 0 0
453 6 0 0 5 0 0 0 0 0
fn=_dl_allocate_tls_storage
328 7 2 2 0 0 0 5 0 0
330 1 0 0 1 0 0 0 0 0
341 5 0 0 1 0 0 3 0 0
342 2 0 0 0 0 0 0 0 0
349 1 0 0 0 0 0 0 0 0
353 318 1 1 0 0 0 304 19 19
364 2 0 0 0 0 0 1 0 0
365 2 0 0 0 0 0 0 0 0
370 6 0 0 5 0 0 0 0 0
fn=_dl_determine_tlsoffset
112 7 1 1 0 0 0 5 0 0
113 2 0 0 0 0 0 1 0 0
114 1 0 0 0 0 0 1 0 0
115 1 1 1 0 0 0 1 0 0
118 3 0 0 1 0 0 0 0 0
121 3 1 1 1 0 0 0 0 0
123 2 0 0 0 0 0 1 0 0
155 1 0 0 0 0 0 1 0 0
157 10 0 0 5 0 0 1 0 0
159 4 0 0 1 0 0 1 0 0
161 4 1 1 1 0 0 1 0 0
162 2 1 1 1 0 0 0 0 0
164 4 0 0 1 0 0 1 0 0
166 7 0 0 4 0 0 1 0 0
168 1 0 0 0 0 0 0 0 0
182 8 0 0 2 0 0 1 0 0
184 4 0 0 1 0 0 0 0 0
185 1 1 1 1 0 0 0 0 0
194 1 0 0 0 0 0 1 0 0
197 9 1 1 2 0 0 1 0 0
198 1 0 0 0 0 0 1 0 0
249 2 0 0 1 0 0 1 0 0
250 6 0 0 5 0 0 0 0 0
fn=_dl_next_tls_modid
50 7 1 1 0 0 0 5 0 0
53 3 1 1 2 0 0 0 0 0
101 2 0 0 0 0 0 1 0 0
105 6 0 0 5 0 0 0 0 0
fn=allocate_dtv
288 7 1 1 0 0 0 4 0 0
295 2 0 0 1 0 0 0 0 0
296 4 0 0 0 0 0 3 0 0
297 2 0 0 0 0 0 0 0 0
300 1 0 0 0 0 0 1 1 1
306 2 0 0 0 0 0 1 0 0
312 6 0 0 4 0 0 0 0 0
fl=/build/eglibc-X4bnBz/eglibc-2.19/elf/dl-version.c
fn=_dl_check_all_versions
380 9 2 2 0 0 0 6 0 0
382 2 0 0 0 0 0 0 0 0
384 15 0 0 4 0 0 0 0 0
385 4 0 0 0 0 0 0 0 0
386 40 1 1 8 0 0 4 0 0
389 7 0 0 5 0 0 0 0 0
fn=_dl_check_map_versions
56 22 0 0 8 0 0 0 0 0
57 5 0 0 5 0 0 0 0 0
58 37 1 1 0 0 0 9 0 0
174 44 1 1 0 0 0 32 0 0
175 2 0 0 0 0 0 2 0 0
183 2 0 0 0 0 0 2 0 0
189 16 0 0 4 0 0 0 0 0
191 8 0 0 4 0 0 4 0 0
193 16 1 1 4 0 0 4 0 0
194 12 0 0 4 0 0 4 0 0
196 8 0 0 0 0 0 0 0 0
199 6 0 0 4 0 0 2 0 0
203 12 0 0 2 2 2 6 0 0
220 6 0 0 6 0 0 0 0 0
228 6 0 0 2 0 0 0 0 0
233 8 0 0 4 0 0 0 0 0
237 114 3 3 63 1 1 30 0 0
244 20 0 0 4 0 0 4 0 0
247 12 0 0 4 1 1 0 0 0
252 2 0 0 0 0 0 0 0 0
256 8 0 0 4 0 0 0 0 0
270 12 1 1 4 0 0 0 0 0
273 8 0 0 8 0 0 0 0 0
276 160 0 0 39 11 11 2 0 0
279 121 0 0 39 6 6 2 0 0
283 37 0 0 0 0 0 0 0 0
287 12 1 1 4 0 0 0 0 0
292 6 0 0 3 0 0 3 0 0
293 24 1 1 3 0 0 12 0 0
294 6 0 0 0 0 0 0 0 0
302 3 0 0 0 0 0 3 0 0
305 12 0 0 6 0 0 3 0 0
307 9 0 0 3 0 0 0 0 0
310 10 1 1 6 0 0 2 0 0
314 8 0 0 2 0 0 2 0 0
317 4 0 0 4 0 0 0 0 0
319 16 0 0 4 0 0 0 0 0
321 16 0 0 8 0 0 4 0 0
322 12 0 0 0 0 0 4 2 2
323 12 1 1 4 0 0 4 0 0
324 16 0 0 8 0 0 4 0 0
327 14 0 0 6 0 0 0 0 0
332 2 0 0 0 0 0 0 0 0
335 6 0 0 2 0 0 0 0 0
341 2 0 0 2 0 0 0 0 0
345 9 0 0 3 0 0 0 0 0
348 12 0 0 8 0 0 2 0 0
352 39 0 0 39 0 0 0 0 0
354 78 0 0 39 0 0 0 0 0
358 37 0 0 37 0 0 0 0 0
359 185 0 0 74 0 0 37 2 2
360 111 0 0 37 0 0 37 0 0
361 37 0 0 0 0 0 37 8 8
364 117 0 0 39 0 0 0 0 0
368 37 0 0 0 0 0 0 0 0
373 7 1 1 7 0 0 0 0 0
374 24 0 0 20 0 0 0 0 0
fn=match_symbol
76 40 1 1 0 0 0 24 0 0
77 12 0 0 12 0 0 0 0 0
85 8 0 0 4 0 0 0 0 0
91 16 1 1 8 0 0 0 0 0
106 4 0 0 4 0 0 0 0 0
107 8 0 0 0 0 0 0 0 0
109 8 0 0 8 0 0 0 0 0
114 30 1 1 15 2 2 0 0 0
128 30 0 0 15 3 3 0 0 0
133 44 1 1 16 0 0 16 0 0
140 33 0 0 11 1 1 0 0 0
144 11 0 0 0 0 0 0 0 0
168 24 0 0 20 0 0 0 0 0
fl=/build/eglibc-X4bnBz/eglibc-2.19/elf/do-rel.h
fn=_dl_relocate_object
46 8 0 0 0 0 0 0 0 0
47 32 0 0 0 0 0 16 0 0
58 16 0 0 0 0 0 0 0 0
61 110 1 1 50 0 0 8 0 0
83 26 0 0 13 0 0 13 0 0
84 26 0 0 26 0 0 0 0 0
86 42 0 0 16 0 0 5 0 0
98 47 1 1 26 0 0 4 0 0
105 9 0 0 3 0 0 0 0 0
108 26 1 1 10 1 0 0 0 0
111 3790 1 1 8 0 0 0 0 0
112 2512 0 0 1258 1 1 0 0 0
118 52 1 1 26 3 0 0 0 0
121 20 0 0 10 2 0 10 0 0
124 439 1 1 323 0 0 0 0 0
136 618 0 0 412 57 53 0 0 0
137 497 0 0 103 0 0 206 0 0
138 394 1 1 206 0 0 103 0 0
139 309 0 0 206 0 0 103 0 0
160 33 2 2 19 0 0 0 0 0
170 25 1 1 10 0 0 0 0 0
171 20 0 0 15 1 1 5 0 0
fn=_dl_start
83 2 0 0 1 0 0 1 0 0
84 1 0 0 1 0 0 0 0 0
111 36 0 0 0 0 0 0 0 0
112 22 0 0 11 1 1 0 0 0
116 3 0 0 1 0 0 0 0 0
124 35 0 0 10 0 0 2 0 0
137 45 0 0 18 1 1 0 0 0
139 27 1 1 18 0 0 9 0 0
fl=/build/eglibc-X4bnBz/eglibc-2.19/elf/get-dynamic-info.h
fn=_dl_map_object_from_fd
38 4 0 0 0 0 0 0 0 0
42 2 0 0 0 0 0 0 0 0
44 141 0 0 47 8 8 0 0 0
46 90 1 1 0 0 0 0 0 0
51 40 0 0 0 0 0 0 0 0
52 67 1 1 0 0 0 43 6 6
53 8 0 0 0 0 0 0 0 0
56 8 1 1 0 0 0 0 0 0
59 8 0 0 0 0 0 0 0 0
61 6 0 0 0 0 0 2 0 0
62 45 0 0 0 0 0 0 0 0
69 6 0 0 2 0 0 0 0 0
89 8 0 0 4 0 0 0 0 0
90 10 1 1 6 0 0 0 0 0
91 10 0 0 6 0 0 0 0 0
92 10 0 0 6 0 0 0 0 0
94 6 0 0 2 0 0 0 0 0
97 10 1 1 6 0 0 0 0 0
99 10 0 0 6 0 0 0 0 0
100 8 0 0 4 1 1 0 0 0
101 10 0 0 6 0 0 0 0 0
107 6 1 1 2 0 0 0 0 0
114 10 1 1 2 0 0 0 0 0
119 6 0 0 2 0 0 0 0 0
123 6 0 0 2 0 0 0 0 0
124 6 0 0 4 0 0 0 0 0
136 6 1 1 2 0 0 0 0 0
141 2 0 0 1 0 0 1 0 0
143 2 0 0 0 0 0 0 0 0
145 2 0 0 0 0 0 0 0 0
147 2 0 0 0 0 0 0 0 0
150 6 0 0 2 0 0 0 0 0
152 2 1 1 1 0 0 1 0 0
160 2 0 0 1 0 0 0 0 0
161 2 0 0 0 0 0 0 0 0
165 2 0 0 0 0 0 0 0 0
168 6 0 0 2 0 0 0 0 0
fn=_dl_start
44 57 0 0 19 4 4 0 0 0
46 36 0 0 0 0 0 0 0 0
51 21 1 1 0 0 0 0 0 0
52 29 0 0 0 0 0 17 4 4
53 4 0 0 0 0 0 0 0 0
56 4 1 1 0 0 0 0 0 0
59 4 1 1 0 0 0 0 0 0
61 3 0 0 0 0 0 1 1 1
62 18 0 0 0 0 0 0 0 0
69 2 0 0 0 0 0 0 0 0
89 4 0 0 2 0 0 0 0 0
90 4 1 1 2 0 0 0 0 0
91 4 0 0 2 0 0 0 0 0
92 4 0 0 2 0 0 0 0 0
97 4 0 0 2 0 0 0 0 0
99 4 0 0 2 0 0 0 0 0
100 4 1 1 2 0 0 0 0 0
101 4 0 0 2 0 0 0 0 0
107 3 0 0 1 0 0 0 0 0
110 2 0 0 1 0 0 0 0 0
123 3 0 0 1 0 0 0 0 0
124 3 1 1 2 0 0 0 0 0
128 3 0 0 1 0 0 0 0 0
130 3 0 0 1 0 0 0 0 0
133 3 0 0 1 0 0 0 0 0
134 3 1 1 1 0 0 0 0 0
fn=dl_main
29 2 1 1 2 0 0 0 0 0
38 2 0 0 0 0 0 0 0 0
42 1 0 0 0 0 0 0 0 0
44 72 0 0 24 4 4 0 0 0
46 46 0 0 0 0 0 0 0 0
51 17 1 1 0 0 0 0 0 0
52 31 0 0 0 0 0 22 3 3
53 4 0 0 0 0 0 0 0 0
56 4 1 1 0 0 0 0 0 0
59 4 0 0 0 0 0 0 0 0
61 3 0 0 0 0 0 1 0 0
62 23 0 0 0 0 0 0 0 0
69 4 0 0 2 0 0 0 0 0
107 4 1 1 2 0 0 0 0 0
114 5 0 0 1 0 0 0 0 0
119 4 1 1 2 0 0 0 0 0
123 4 0 0 2 0 0 0 0 0
124 3 0 0 2 0 0 0 0 0
136 4 0 0 2 0 0 0 0 0
150 4 1 1 2 0 0 0 0 0
168 4 1 1 2 0 0 0 0 0
fl=/build/eglibc-X4bnBz/eglibc-2.19/elf/rtld.c
fn=_dl_initial_error_catch_tsd
794 8 1 1 0 0 0 4 0 0
797 8 0 0 4 0 0 0 0 0
fn=_dl_start
284 78 1 1 12 0 0 12 0 0
296 2 1 1 0 0 0 1 0 0
297 2 0 0 0 0 0 1 0 0
298 2 0 0 0 0 0 1 1 1
299 2 0 0 0 0 0 1 0 0
300 2 0 0 0 0 0 1 0 0
321 3 0 0 0 0 0 2 0 0
325 1 0 0 0 0 0 1 0 0
331 6 1 1 1 0 0 3 0 0
340 1 0 0 0 0 0 0 0 0
343 4 0 0 2 0 0 2 1 0
347 2 0 0 1 0 0 0 0 0
361 9 1 1 0 0 0 6 2 2
379 3 0 0 0 0 0 2 1 1
405 1 0 0 0 0 0 1 0 0
408 1 0 0 0 0 0 1 1 1
536 2 0 0 0 0 0 0 0 0
541 39 2 2 18 0 0 5 0 0
543 1 0 0 1 1 1 0 0 0
568 7 0 0 5 1 0 0 0 0
fn=dl_main
887 8 1 1 0 0 0 5 0 0
893 1 0 0 0 0 0 1 0 0
895 2 0 0 0 0 0 0 0 0
896 1 0 0 0 0 0 0 0 0
902 1 0 0 0 0 0 1 0 0
906 2 1 1 0 0 0 1 0 0
909 2 0 0 0 0 0 1 1 1
913 2 0 0 0 0 0 1 1 1
914 2 0 0 0 0 0 1 0 0
919 2 0 0 0 0 0 1 0 0
929 4 1 1 2 0 0 0 0 0
1128 9 1 1 0 0 0 5 0 0
1130 2 0 0 0 0 0 0 0 0
1131 3 1 1 2 0 0 1 0 0
1132 2 0 0 1 0 0 1 0 0
1133 3 0 0 2 0 0 1 0 0
1137 3 0 0 0 0 0 1 0 0
1138 2 0 0 1 0 0 0 0 0
1159 2 1 1 1 0 0 1 0 0
1160 1 0 0 0 0 0 1 0 0
1162 1 0 0 0 0 0 1 0 0
1164 1 0 0 1 0 0 0 0 0
1167 36 2 2 15 0 0 1 0 0
1168 71 1 1 9 4 4 0 0 0
1172 3 1 1 2 0 0 1 0 0
1173 1 0 0 0 0 0 0 0 0
1177 3 1 1 2 0 0 1 0 0
1178 1 0 0 0 0 0 0 0 0
1186 1 0 0 0 0 0 1 1 1
1187 2 0 0 2 0 0 0 0 0
1189 4 2 2 1 0 0 2 1 1
1196 3 0 0 1 0 0 0 0 0
1210 2 1 1 0 0 0 1 0 0
1214 1 0 0 0 0 0 1 0 0
1222 6 0 0 4 0 0 2 0 0
1223 13 1 1 6 0 0 3 0 0
1224 4 0 0 2 0 0 0 0 0
1225 1 0 0 0 0 0 1 0 0
1228 4 0 0 4 1 1 0 0 0
1229 4 0 0 2 0 0 0 0 0
1230 2 0 0 0 0 0 2 0 0
1231 6 0 0 3 0 0 0 0 0
1232 2 0 0 0 0 0 1 0 0
1259 2 1 1 1 0 0 1 0 0
1260 1 0 0 0 0 0 0 0 0
1263 2 0 0 1 0 0 1 0 0
1264 2 0 0 1 1 1 1 0 0
1265 1 0 0 0 0 0 0 0 0
1270 4 0 0 2 1 1 0 0 0
1273 2 0 0 0 0 0 0 0 0
1275 2 0 0 0 0 0 0 0 0
1277 3 1 1 1 0 0 0 0 0
1290 3 0 0 1 0 0 0 0 0
1291 12 0 0 6 0 0 4 0 0
1296 1 0 0 0 0 0 1 0 0
1298 1 1 1 0 0 0 1 0 0
1299 1 0 0 0 0 0 1 0 0
1301 3 0 0 1 0 0 0 0 0
1302 2 0 0 0 0 0 1 0 0
1306 2 0 0 1 0 0 0 0 0
1308 3 0 0 0 0 0 0 0 0
1313 2 0 0 1 0 0 1 0 0
1316 2 1 1 1 0 0 0 0 0
1332 4 1 1 0 0 0 2 0 0
1338 9 1 1 1 0 0 2 0 0
1343 2 1 1 1 0 0 1 0 0
1346 4 0 0 1 0 0 2 0 0
1348 1 0 0 0 0 0 1 0 0
1353 3 0 0 1 0 0 0 0 0
1356 3 0 0 2 0 0 1 0 0
1357 4 0 0 1 0 0 1 0 0
1358 3 0 0 2 0 0 1 0 0
1359 1 0 0 0 0 0 1 0 0
1360 1 1 1 1 0 0 0 0 0
1361 2 0 0 2 0 0 0 0 0
1366 2 0 0 1 0 0 0 0 0
1367 6 1 1 1 0 0 1 0 0
1371 1 0 0 1 0 0 0 0 0
1373 2 0 0 1 1 1 0 0 0
1374 1 0 0 0 0 0 1 0 0
1375 2 0 0 1 0 0 1 0 0
1380 2 0 0 0 0 0 0 0 0
1381 9 1 1 1 1 1 0 0 0
1383 2 0 0 1 0 0 1 1 1
1384 2 0 0 1 1 1 1 0 0
1389 3 0 0 1 0 0 0 0 0
1394 3 0 0 1 0 0 0 0 0
1517 1 1 1 0 0 0 0 0 0
1575 4 1 1 2 0 0 0 0 0
1578 2 0 0 1 0 0 1 0 0
1582 3 0 0 1 0 0 0 0 0
1587 2 0 0 1 0 0 1 0 0
1588 1 0 0 0 0 0 1 0 0
1593 3 0 0 1 0 0 0 0 0
1608 4 1 1 2 0 0 0 0 0
1610 1 0 0 0 0 0 1 0 0
1612 3 0 0 1 0 0 0 0 0
1619 13 2 2 0 0 0 7 0 0
1622 5 0 0 0 0 0 2 0 0
1625 14 1 1 2 0 0 6 0 0
1626 2 0 0 1 0 0 0 0 0
1627 3 0 0 1 0 0 0 0 0
1629 8 0 0 2 0 0 3 0 0
1631 1 1 1 0 0 0 0 0 0
1632 2 1 1 2 0 0 0 0 0
1633 3 0 0 2 0 0 0 0 0
1643 7 0 0 0 0 0 4 0 0
1720 4 1 1 2 0 0 0 0 0
1724 7 1 1 1 0 0 0 0 0
1725 1 0 0 0 0 0 0 0 0
1728 2 0 0 0 0 0 1 0 0
1729 1 0 0 1 0 0 0 0 0
1730 2 0 0 0 0 0 0 0 0
1731 2 0 0 1 0 0 0 0 0
1737 3 0 0 0 0 0 2 0 0
1738 12 0 0 3 0 0 4 0 0
1739 1 0 0 0 0 0 0 0 0
1741 4 0 0 4 0 0 0 0 0
1744 14 1 1 3 0 0 0 0 0
1745 12 0 0 8 0 0 0 0 0
1748 3 1 1 2 0 0 1 0 0
1749 3 0 0 1 0 0 0 0 0
1750 1 0 0 0 0 0 1 0 0
1752 10 1 1 0 0 0 0 0 0
1753 11 0 0 8 0 0 0 0 0
1763 2 1 1 0 0 0 1 0 0
1765 2 1 1 1 0 0 1 0 0
1766 3 0 0 1 0 0 0 0 0
1768 2 0 0 0 0 0 1 0 0
1770 3 0 0 0 0 0 0 0 0
1772 3 0 0 1 0 0 0 0 0
1773 1 0 0 1 0 0 0 0 0
1786 2 0 0 0 0 0 0 0 0
1787 2 1 1 1 0 0 1 0 0
1788 3 0 0 1 0 0 0 0 0
1799 5 0 0 1 0 0 1 0 0
1800 2 0 0 1 0 0 1 0 0
1801 6 1 1 0 0 0 2 0 0
1811 2 0 0 1 0 0 1 0 0
1812 3 0 0 1 0 0 0 0 0
1813 2 0 0 0 0 0 2 0 0
1815 3 0 0 1 0 0 0 0 0
1818 1 0 0 0 0 0 1 0 0
1820 3 1 1 1 0 0 0 0 0
2050 4 0 0 2 1 1 0 0 0
2058 1 1 1 1 0 0 0 0 0
2106 4 2 2 1 0 0 1 0 0
2110 4 0 0 2 0 0 2 0 0
2114 2 0 0 1 0 0 1 0 0
2117 2 0 0 0 0 0 0 0 0
2125 3 1 1 0 0 0 0 0 0
2171 5 1 1 1 0 0 1 0 0
2178 1 0 0 1 0 0 0 0 0
2180 3 1 1 0 0 0 2 0 0
2181 3 0 0 2 0 0 0 0 0
2182 21 1 1 6 1 0 2 0 0
2184 12 0 0 12 0 0 0 0 0
2189 8 0 0 8 0 0 0 0 0
2191 10 0 0 0 0 0 0 0 0
2193 1 1 1 0 0 0 1 0 0
2194 1 0 0 1 0 0 0 0 0
2197 4 1 1 4 0 0 0 0 0
2199 8 0 0 4 0 0 0 0 0
2200 33 0 0 9 1 0 15 0 0
2204 22 0 0 9 2 0 0 0 0
2205 3 1 1 0 0 0 2 0 0
2207 1 0 0 0 0 0 0 0 0
2209 4 0 0 2 0 0 2 0 0
2215 3 0 0 1 0 0 0 0 0
2220 5 1 1 2 0 0 0 0 0
2221 1 0 0 1 0 0 0 0 0
2226 2 0 0 1 0 0 1 0 0
2230 2 0 0 1 0 0 0 0 0
2244 3 1 1 2 1 0 0 0 0
2246 5 1 1 1 0 0 0 0 0
2261 3 0 0 0 0 0 2 0 0
2263 1 0 0 1 0 0 0 0 0
2264 8 1 1 3 0 0 5 0 0
2265 1 0 0 0 0 0 0 0 0
2267 5 0 0 4 0 0 0 0 0
2275 1 0 0 0 0 0 1 0 0
2279 3 0 0 1 0 0 0 0 0
2299 3 0 0 0 0 0 1 0 0
2300 1 0 0 0 0 0 1 0 0
2301 1 0 0 0 0 0 1 0 0
2306 1 0 0 0 0 0 1 0 0
2311 6 0 0 5 1 0 0 0 0
2481 2 1 1 1 0 0 1 0 0
2483 1 0 0 0 0 0 1 0 0
2484 1 0 0 0 0 0 1 1 1
2488 8 0 0 1 0 0 2 0 0
2490 15 0 0 3 0 0 3 1 1
2494 107 1 1 21 0 0 0 0 0
2495 19 0 0 0 0 0 0 0 0
2497 4 0 0 0 0 0 0 0 0
2503 12 0 0 2 1 1 0 0 0
2526 7 2 2 0 0 0 4 0 0
2533 7 1 1 0 0 0 4 0 0
2535 3 1 1 0 0 0 1 0 0
2579 7 1 1 0 0 0 4 0 0
2581 3 0 0 0 0 0 1 0 0
2643 2 0 0 0 0 0 1 0 0
2653 3 0 0 1 0 0 0 0 0
2686 3 1 1 1 0 0 0 0 0
fn=do_preload
803 9 0 0 0 0 0 5 0 0
805 1 0 0 0 0 0 1 0 0
809 1 0 0 0 0 0 1 0 0
810 1 0 0 0 0 0 1 0 0
811 1 0 0 0 0 0 1 0 0
813 2 0 0 1 0 0 1 0 0
815 10 1 1 0 0 0 5 0 0
816 3 0 0 1 0 0 0 0 0
824 4 1 1 2 0 0 0 0 0
830 6 0 0 5 0 0 0 0 0
fn=init_tls
716 6 2 2 0 0 0 4 0 0
718 2 0 0 1 0 0 1 0 0
722 2 0 0 1 0 0 0 0 0
723 1 0 0 0 0 0 0 0 0
728 2 0 0 0 0 0 1 1 1
731 1 0 0 0 0 0 1 0 0
732 4 0 0 0 0 0 3 0 0
737 1 0 0 0 0 0 0 0 0
739 1 0 0 0 0 0 1 0 0
743 2 1 1 1 1 1 0 0 0
744 1 0 0 0 0 0 0 0 0
745 11 1 1 1 0 0 0 0 0
746 8 0 0 4 0 0 0 0 0
747 8 0 0 4 0 0 0 0 0
751 1 0 0 0 0 0 1 0 0
753 1 0 0 0 0 0 0 0 0
755 2 0 0 0 0 0 0 0 0
758 1 1 1 0 0 0 1 0 0
765 2 0 0 0 0 0 1 0 0
766 2 0 0 0 0 0 0 0 0
772 2 1 1 1 0 0 1 0 0
780 18 1 1 2 0 0 7 0 0
784 1 0 0 0 0 0 1 0 0
786 2 0 0 0 0 0 0 0 0
787 5 1 1 4 0 0 0 0 0
fn=map_doit
624 5 1 1 1 0 0 2 0 0
626 10 1 1 3 0 0 5 0 0
628 3 0 0 3 0 0 0 0 0
fn=rtld_lock_default_lock_recursive
836 4 2 1 4 0 0 0 0 0
837 8 0 0 8 1 1 0 0 0
fn=rtld_lock_default_unlock_recursive
842 4 0 0 4 0 0 0 0 0
843 8 0 0 8 1 0 0 0 0
fn=security_init
850 5 0 0 0 0 0 3 0 0
852 1 0 0 1 0 0 0 0 0
854 1 0 0 0 0 0 1 0 0
861 1 0 0 1 0 0 0 0 0
863 1 0 0 0 0 0 1 0 0
865 1 1 1 0 0 0 1 0 0
870 1 0 0 0 0 0 1 0 0
871 4 0 0 3 0 0 0 0 0
fn=version_check_doit
656 6 1 1 1 0 0 3 0 0
658 6 0 0 2 0 0 1 0 0
662 4 0 0 3 0 0 0 0 0
fl=/build/eglibc-X4bnBz/eglibc-2.19/elf/setup-vdso.h
fn=dl_main
24 3 0 0 1 0 0 0 0 0
fl=/build/eglibc-X4bnBz/eglibc-2.19/io/../sysdeps/unix/syscall-template.S
fn=__write_nocancel
81 30 1 1 18 0 0 6 0 0
fn=access
81 24 1 1 6 0 0 0 0 0
82 18 1 1 3 0 0 6 0 0
fn=close
81 21 1 1 3 0 0 0 0 0
82 3 0 0 3 0 0 0 0 0
fn=open
81 171 1 1 76 0 0 19 0 0
82 99 0 0 19 0 0 32 0 0
fn=read
81 18 1 1 8 0 0 2 0 0
82 2 0 0 2 0 0 0 0 0
fn=write
81 6 1 1 3 0 0 0 0 0
fl=/build/eglibc-X4bnBz/eglibc-2.19/io/../sysdeps/unix/sysv/linux/fxstat64.c
fn=__fxstat64
33 9 1 1 0 0 0 6 0 0
35 24 1 1 6 0 0 0 0 0
41 6 0 0 6 0 0 0 0 0
fn=__fxstat64@@GLIBC_2.2
33 3 1 1 0 0 0 2 0 0
35 8 1 1 3 0 0 1 0 0
41 2 0 0 2 0 0 0 0 0
fl=/build/eglibc-X4bnBz/eglibc-2.19/io/../sysdeps/unix/sysv/linux/xstat64.c
fn=__xstat64
33 48 1 1 0 0 0 32 0 0
35 173 0 0 32 0 0 15 0 0
41 32 0 0 32 0 0 0 0 0
fl=/build/eglibc-X4bnBz/eglibc-2.19/libio/../sysdeps/unix/sysv/linux/sys/sysmacros.h
fn=_IO_file_doallocate
41 5 1 1 0 0 0 0 0 0
fl=/build/eglibc-X4bnBz/eglibc-2.19/libio/filedoalloc.c
fn=_IO_file_doallocate
96 8 1 1 1 0 0 5 1 1
111 11 1 1 4 0 0 3 0 0
113 4 0 0 1 1 1 0 0 0
116 2 0 0 0 0 0 0 0 0
118 3 1 1 2 0 0 0 0 0
121 1 0 0 1 0 0 0 0 0
124 6 0 0 1 0 0 0 0 0
128 9 1 1 0 0 0 7 0 0
129 6 0 0 0 0 0 5 0 0
130 1 0 0 0 0 0 0 0 0
131 6 0 0 5 0 0 0 0 0
fl=/build/eglibc-X4bnBz/eglibc-2.19/libio/fileops.c
fn=_IO_do_write@@GLIBC_2.1
509 12 1 1 4 0 0 4 0 0
511 36 0 0 6 0 0 6 1 1
512 12 1 1 8 0 0 0 0 0
fn=_IO_file_overflow@@GLIBC_2.1
824 594 1 1 132 0 0 330 2 2
825 198 0 0 66 0 0 0 0 0
832 392 0 0 130 0 0 0 0 0
835 3 1 1 1 0 0 0 0 0
837 2 1 1 0 0 0 2 0 0
838 6 1 1 2 0 0 3 0 0
847 2 0 0 0 0 0 0 0 0
856 4 0 0 2 0 0 0 0 0
858 1 1 1 0 0 0 1 0 0
859 1 0 0 0 0 0 1 0 0
860 1 0 0 0 0 0 1 0 0
861 2 0 0 0 0 0 2 0 0
863 3 0 0 0 0 0 1 0 0
864 5 0 0 1 0 0 0 0 0
865 2 0 0 0 0 0 1 0 0
867 132 1 1 0 0 0 0 0 0
868 20 0 0 0 0 0 16 0 0
869 8 1 1 4 0 0 0 0 0
870 124 0 0 62 0 0 0 0 0
873 248 0 0 0 0 0 124 1 1
874 186 0 0 62 0 0 0 0 0
875 248 0 0 0 0 0 0 0 0
879 124 0 0 0 0 0 0 0 0
880 396 0 0 330 0 0 0 0 0
fn=_IO_file_stat
1222 1 1 1 0 0 0 0 0 0
1223 7 1 1 3 0 0 4 1 1
1224 2 0 0 1 0 0 0 0 0
fn=_IO_file_write@@GLIBC_2.1
1254 18 0 0 6 0 0 9 0 0
1256 21 0 0 6 0 0 0 0 0
1261 21 1 1 6 0 0 12 1 1
1262 6 0 0 0 0 0 0 0 0
1267 3 0 0 0 0 0 0 0 0
1268 3 0 0 0 0 0 0 0 0
1271 12 0 0 6 0 0 0 0 0
1274 24 1 1 15 0 0 0 0 0
fn=_IO_file_xsputn@@GLIBC_2.1
1281 72 1 1 16 0 0 40 0 0
1287 16 0 0 0 0 0 0 0 0
1288 8 0 0 0 0 0 0 0 0
1294 32 1 1 8 0 0 0 0 0
1296 21 0 0 14 0 0 0 0 0
1297 14 0 0 0 0 0 0 0 0
1300 170 1 1 14 0 0 0 0 0
1302 218 0 0 74 0 0 0 0 0
1304 12 0 0 3 0 0 0 0 0
1311 6 1 1 2 0 0 0 0 0
1315 30 0 0 0 0 0 0 0 0
1320 56 0 0 14 0 0 42 0 0
1325 7 0 0 7 0 0 0 0 0
1326 21 0 0 0 0 0 0 0 0
1328 24 0 0 0 0 0 0 0 0
1332 28 1 1 12 0 0 12 0 0
1338 8 0 0 8 0 0 0 0 0
1339 24 0 0 0 0 0 0 0 0
1341 12 0 0 0 0 0 0 0 0
1352 8 0 0 0 0 0 0 0 0
1353 7 1 1 1 0 0 4 0 0
1355 16 0 0 0 0 0 0 0 0
1356 48 0 0 40 0 0 0 0 0
fn=new_do_write
521 18 1 1 0 0 0 9 0 0
523 6 0 0 3 0 0 0 0 0
530 12 1 1 6 0 0 0 0 0
533 3 0 0 0 0 0 0 0 0
538 27 1 1 12 2 2 12 0 0
539 9 0 0 3 0 0 0 0 0
541 12 0 0 3 0 0 9 0 0
542 6 0 0 0 0 0 6 0 0
543 3 0 0 0 0 0 3 0 0
544 6 1 1 3 0 0 0 0 0
545 9 0 0 3 0 0 0 0 0
547 15 0 0 12 0 0 0 0 0
fl=/build/eglibc-X4bnBz/eglibc-2.19/libio/genops.c
fn=_IO_default_xsputn
447 9 1 1 2 0 0 5 0 0
450 5 0 0 2 0 0 0 0 0
451 1 0 0 0 0 0 0 0 0
455 216 0 0 108 0 0 0 0 0
480 744 2 2 265 0 0 212 0 0
482 53 0 0 0 0 0 0 0 0
483 53 0 0 0 0 0 0 0 0
484 2 1 1 1 0 0 0 0 0
485 6 0 0 5 0 0 0 0 0
fn=_IO_doallocbuf
414 3 1 1 1 0 0 1 0 0
415 3 0 0 1 0 0 0 0 0
417 2 0 0 1 0 0 0 0 0
418 6 1 1 3 1 1 2 1 1
421 3 0 0 2 0 0 0 0 0
fn=_IO_setb
399 6 1 1 1 0 0 3 0 0
400 4 0 0 2 0 0 0 0 0
402 2 0 0 1 0 0 1 0 0
403 2 0 0 1 0 0 1 0 0
404 3 1 1 1 0 0 0 0 0
405 2 0 0 0 0 0 1 0 0
408 4 0 0 3 0 0 0 0 0
fn=__overflow
239 54 1 1 9 0 0 27 0 0
241 27 0 0 9 0 0 0 0 0
243 54 1 1 36 0 0 27 0 0
244 36 0 0 27 0 0 0 0 0
fl=/build/eglibc-X4bnBz/eglibc-2.19/libio/oldstdfiles.c
fn=_IO_check_libio
77 4 1 1 0 0 0 3 0 0
78 3 1 1 1 0 0 0 0 0
91 3 1 1 3 0 0 0 0 0
fl=/build/eglibc-X4bnBz/eglibc-2.19/malloc/arena.c
fn=malloc_hook_ini
373 3 0 0 1 1 1 0 0 0
fn=ptmalloc_init.part.6
334 204 0 0 68 5 0 0 0 0
336 134 0 0 67 31 0 0 0 0
337 2 0 0 1 0 0 0 0 0
338 2 0 0 1 1 0 0 0 0
352 67 0 0 0 0 0 0 0 0
371 8 1 1 0 0 0 5 0 0
376 1 1 1 0 0 0 1 0 0
384 3 0 0 1 0 0 0 0 0
385 8 2 2 0 0 0 2 0 0
386 5 0 0 2 0 0 0 0 0
391 4 0 0 2 2 0 1 1 0
392 13 1 1 1 1 0 7 2 2
394 6 1 1 2 1 0 0 0 0
455 2 0 0 0 0 0 0 0 0
461 2 0 0 2 0 0 0 0 0
462 2 0 0 0 0 0 0 0 0
464 1 0 0 0 0 0 1 1 0
465 6 0 0 5 1 0 0 0 0
fl=/build/eglibc-X4bnBz/eglibc-2.19/malloc/hooks.c
fn=malloc_hook_ini
29 6 2 2 1 0 0 3 0 0
30 2 0 0 1 0 0 1 0 0
32 3 0 0 0 0 0 2 0 0
33 3 0 0 2 0 0 0 0 0
fl=/build/eglibc-X4bnBz/eglibc-2.19/malloc/malloc.c
fn=_int_malloc
1862 3 0 0 1 0 0 0 0 0
2271 6 1 1 2 2 0 3 0 0
2282 6 1 1 4 0 0 0 0 0
2297 6 0 0 3 0 0 0 0 0
2303 2 0 0 0 0 0 0 0 0
2305 8 1 1 0 0 0 7 0 0
2307 2 0 0 0 0 0 0 0 0
2322 3 1 1 0 0 0 0 0 0
2337 3 0 0 0 0 0 1 1 1
2342 4 0 0 2 0 0 0 0 0
2343 5 0 0 2 0 0 0 0 0
2346 4 1 1 2 1 0 0 0 0
2347 5 0 0 2 0 0 0 0 0
3302 8 1 1 0 0 0 6 0 0
3332 11 1 1 1 0 0 1 0 0
3340 2 0 0 1 0 0 0 0 0
3377 2 1 1 1 0 0 0 0 0
3379 1 0 0 1 0 0 0 0 0
3421 23 5 5 4 0 0 1 0 0
3422 2 0 0 1 0 0 0 0 0
3423 2 0 0 0 0 0 1 0 0
3442 5 1 1 2 0 0 1 0 0
3462 2 1 1 0 0 0 1 0 0
3576 2 1 1 1 0 0 0 0 0
3578 2 1 1 1 0 0 0 0 0
3581 3 0 0 1 0 0 0 0 0
3649 2 0 0 1 0 0 0 0 0
3650 1 0 0 0 0 0 0 0 0
3651 2 0 0 0 0 0 0 0 0
3652 1 1 1 1 0 0 0 0 0
3653 2 0 0 0 0 0 0 0 0
3658 7 0 0 1 0 0 1 0 0
3662 3 0 0 0 0 0 0 0 0
3765 1 1 1 1 0 0 0 0 0
3766 3 0 0 1 0 0 0 0 0
3768 2 0 0 1 0 0 0 0 0
3785 2 0 0 1 0 0 0 0 0
3790 6 0 0 1 0 0 2 0 0
3792 25 1 1 0 0 0 10 0 0
3801 2 1 1 0 0 0 0 0 0
3806 7 0 0 5 0 0 0 0 0
fn=malloc
2876 10 1 1 0 0 0 6 0 0
2881 4 1 1 4 2 0 0 0 0
2882 4 0 0 0 0 0 0 0 0
2883 6 1 1 2 0 0 3 0 0
2885 3 0 0 3 0 0 0 0 0
2887 7 0 0 2 0 0 0 0 0
2891 4 1 1 1 0 0 1 0 0
2892 2 0 0 0 0 0 0 0 0
2903 4 0 0 2 0 0 0 0 0
2904 4 1 1 1 0 0 0 0 0
2907 8 0 0 6 0 0 0 0 0
fn=malloc_consolidate
4104 8 1 1 0 0 0 5 0 0
4126 3 0 0 1 0 0 0 0 0
4196 1 0 0 0 0 0 0 0 0
4199 5 1 1 4 0 0 0 0 0
fn=malloc_init_state
1780 8 1 1 0 0 0 3 0 0
1785 254 0 0 0 0 0 0 0 0
1788 381 0 0 0 0 0 254 17 16
1792 3 0 0 0 0 0 0 0 0
1796 1 0 0 0 0 0 1 0 0
1797 2 0 0 0 0 0 1 0 0
1799 1 0 0 0 0 0 1 0 0
1800 4 1 1 4 0 0 0 0 0
fl=/build/eglibc-X4bnBz/eglibc-2.19/math/../sysdeps/ieee754/dbl-64/s_isinf.c
fn=isinf
21 1 1 1 0 0 0 0 0 0
23 4 0 0 3 0 0 1 0 0
24 4 0 0 0 0 0 0 0 0
25 3 0 0 0 0 0 0 0 0
26 4 0 0 0 0 0 0 0 0
27 2 0 0 1 0 0 0 0 0
fl=/build/eglibc-X4bnBz/eglibc-2.19/math/../sysdeps/ieee754/dbl-64/s_isnan.c
fn=isnan
28 1 1 1 0 0 0 0 0 0
30 4 1 1 3 0 0 1 0 0
31 1 0 0 0 0 0 0 0 0
32 5 0 0 0 0 0 0 0 0
33 2 0 0 0 0 0 0 0 0
34 1 0 0 0 0 0 0 0 0
35 2 0 0 1 0 0 0 0 0
fl=/build/eglibc-X4bnBz/eglibc-2.19/misc/../sysdeps/unix/syscall-template.S
fn=mprotect
81 45 1 1 20 0 0 5 0 0
82 5 0 0 5 0 0 0 0 0
fn=munmap
81 8 0 0 2 0 0 0 0 0
82 1 0 0 1 0 0 0 0 0
fl=/build/eglibc-X4bnBz/eglibc-2.19/misc/../sysdeps/unix/sysv/linux/i386/mmap.S
fn=mmap
29 10 2 2 0 0 0 10 0 0
31 10 0 0 0 0 0 10 0 0
33 10 0 0 0 0 0 10 0 0
35 10 0 0 0 0 0 10 1 1
38 10 0 0 10 0 0 0 0 0
40 10 0 0 10 0 0 0 0 0
41 10 0 0 10 0 0 0 0 0
42 10 0 0 10 0 0 0 0 0
44 10 0 0 10 0 0 0 0 0
46 10 0 0 10 0 0 0 0 0
48 10 1 1 0 0 0 0 0 0
49 10 0 0 0 0 0 0 0 0
50 10 0 0 0 0 0 0 0 0
51 10 0 0 0 0 0 0 0 0
53 10 1 1 0 0 0 0 0 0
56 10 0 0 2 0 0 2 0 0
59 10 0 0 10 0 0 0 0 0
62 10 0 0 10 0 0 0 0 0
65 10 0 0 10 0 0 0 0 0
68 10 0 0 10 0 0 0 0 0
73 10 0 0 0 0 0 0 0 0
74 10 0 0 0 0 0 0 0 0
77 10 0 0 10 0 0 0 0 0
fl=/build/eglibc-X4bnBz/eglibc-2.19/misc/init-misc.c
fn=__init_misc
30 7 1 1 1 0 0 4 0 0
31 5 0 0 1 0 0 0 0 0
33 3 0 0 0 0 0 3 0 0
34 2 1 1 0 0 0 0 0 0
37 3 0 0 1 0 0 1 1 0
38 3 0 0 2 0 0 1 1 0
40 5 0 0 4 0 0 0 0 0
fl=/build/eglibc-X4bnBz/eglibc-2.19/nptl/../nptl/sysdeps/unix/sysv/linux/register-atfork.c
fn=__linkin_atfork
114 4 1 1 1 0 0 2 0 0
116 2 0 0 1 1 1 1 0 0
117 6 0 0 2 0 0 0 0 0
119 2 1 1 2 0 0 0 0 0
fl=/build/eglibc-X4bnBz/eglibc-2.19/posix/../sysdeps/unix/syscall-template.S
fn=uname
81 7 2 2 1 0 0 0 0 0
82 1 0 0 1 0 0 0 0 0
fl=/build/eglibc-X4bnBz/eglibc-2.19/rt/../sysdeps/unix/clock_gettime.c
fn=clock_gettime
93 15 1 1 6 0 0 6 0 0
115 18 0 0 3 1 1 3 0 0
134 6 0 0 6 0 0 0 0 0
fl=/build/eglibc-X4bnBz/eglibc-2.19/setjmp/../sysdeps/i386/bsd-_setjmp.S
fn=_setjmp
33 1 1 1 0 0 0 0 0 0
34 1 0 0 1 0 0 0 0 0
37 1 0 0 0 0 0 1 0 0
38 1 0 0 0 0 0 1 0 0
39 1 0 0 0 0 0 1 0 0
40 1 0 0 0 0 0 0 0 0
42 2 0 0 1 0 0 0 0 0
44 1 0 0 0 0 0 1 0 0
45 1 0 0 1 0 0 0 0 0
48 2 0 0 1 0 0 0 0 0
50 1 0 0 0 0 0 1 0 0
51 1 1 1 0 0 0 1 0 0
53 1 0 0 0 0 0 1 0 0
54 1 0 0 1 0 0 0 0 0
fl=/build/eglibc-X4bnBz/eglibc-2.19/setjmp/../sysdeps/i386/setjmp.S
fn=__sigsetjmp
30 3 1 1 3 0 0 0 0 0
33 3 0 0 0 0 0 3 0 0
34 3 0 0 0 0 0 3 0 0
35 3 0 0 0 0 0 3 0 0
36 3 0 0 0 0 0 0 0 0
40 3 0 0 0 0 0 3 0 0
41 3 0 0 3 0 0 0 0 0
46 3 0 0 0 0 0 3 0 0
47 3 0 0 0 0 0 3 0 0
51 3 0 0 0 0 0 0 0 0
52 3 0 0 3 0 0 0 0 0
fl=/build/eglibc-X4bnBz/eglibc-2.19/stdio-common/../include/rounding-mode.h
fn=__printf_fp
52 2 0 0 0 0 0 0 0 0
fl=/build/eglibc-X4bnBz/eglibc-2.19/stdio-common/../nptl/sysdeps/pthread/allocalim.h
fn=__printf_fp
28 2 0 0 0 0 0 0 0 0
fl=/build/eglibc-X4bnBz/eglibc-2.19/stdio-common/../sysdeps/generic/get-rounding-mode.h
fn=__printf_fp
93 1 0 0 0 0 0 1 0 0
94 7 2 2 1 0 0 0 0 0
fl=/build/eglibc-X4bnBz/eglibc-2.19/stdio-common/_itoa.c
fn=_itoa_word
165 18 2 2 6 0 0 10 0 0
168 10 0 0 2 0 0 0 0 0
170 4 0 0 0 0 0 0 0 0
179 76 1 1 6 2 2 6 0 0
188 12 0 0 10 0 0 0 0 0
fl=/build/eglibc-X4bnBz/eglibc-2.19/stdio-common/printf-parse.h
fn=vfprintf
108 24 2 2 3 0 0 21 6 6
fl=/build/eglibc-X4bnBz/eglibc-2.19/stdio-common/printf.c
fn=printf
28 12 1 1 0 0 0 6 0 0
32 3 0 0 0 0 0 0 0 0
33 21 0 0 9 6 6 12 0 0
37 9 1 1 6 0 0 0 0 0
fl=/build/eglibc-X4bnBz/eglibc-2.19/stdio-common/printf_fp.c
fn=__printf_fp
161 8 1 1 0 0 0 5 1 1
175 1 0 0 0 0 0 1 0 0
176 1 0 0 0 0 0 1 0 0
194 1 0 0 0 0 0 1 0 0
196 1 0 0 0 0 0 1 1 1
208 1 1 1 0 0 0 1 0 0
215 7 0 0 2 0 0 1 0 0
274 3 1 1 0 0 0 0 0 0
276 8 0 0 5 3 3 3 1 1
277 2 0 0 1 0 0 1 0 0
300 5 1 1 2 0 0 0 0 0
342 1 1 1 0 0 0 1 0 0
349 2 0 0 0 0 0 0 0 0
351 2 0 0 2 0 0 0 0 0
396 1 1 1 1 0 0 0 0 0
400 6 0 0 1 0 0 3 0 0
415 6 1 1 1 0 0 3 0 0
431 10 2 2 0 0 0 7 0 0
435 5 0 0 0 0 0 1 0 0
471 7 2 2 1 0 0 0 0 0
472 1 0 0 0 0 0 0 0 0
475 7 0 0 0 0 0 2 0 0
476 4 0 0 0 0 0 1 0 0
477 4 0 0 0 0 0 1 0 0
483 1 0 0 0 0 0 1 0 0
484 2 0 0 0 0 0 0 0 0
493 4 1 1 1 0 0 0 0 0
501 12 1 1 1 0 0 5 2 2
503 6 1 1 0 0 0 0 0 0
504 9 0 0 3 0 0 1 0 0
505 2 0 0 0 0 0 0 0 0
506 8 1 1 2 0 0 3 0 0
508 10 2 2 1 0 0 3 0 0
513 13 1 1 0 0 0 0 0 0
517 65 0 0 26 4 4 0 0 0
519 2 0 0 0 0 0 0 0 0
542 1 0 0 1 0 0 0 0 0
543 9 0 0 4 0 0 4 0 0
544 2 0 0 0 0 0 1 0 0
549 3 1 1 0 0 0 1 0 0
558 14 0 0 4 0 0 5 0 0
561 8 1 1 2 0 0 5 0 0
562 3 0 0 3 0 0 0 0 0
563 5 0 0 0 0 0 1 0 0
564 5 1 1 1 0 0 0 0 0
567 13 0 0 0 0 0 0 0 0
569 38 0 0 25 0 0 0 0 0
570 2 0 0 1 0 0 1 0 0
576 3 0 0 0 0 0 1 0 0
580 14 2 2 5 0 0 3 0 0
584 4 0 0 3 0 0 1 0 0
586 2 0 0 1 0 0 0 0 0
612 3 1 1 2 0 0 0 0 0
615 7 2 2 1 0 0 0 0 0
623 1 1 1 0 0 0 0 0 0
631 9 0 0 3 0 0 5 0 0
633 3 0 0 1 0 0 0 0 0
634 10 1 1 3 0 0 5 0 0
636 8 0 0 3 0 0 0 0 0
650 1 0 0 0 0 0 1 0 0
828 3 0 0 2 0 0 1 0 0
837 1 0 0 0 0 0 1 0 0
838 7 1 1 6 2 2 1 0 0
840 3 0 0 0 0 0 0 0 0
850 2 0 0 1 0 0 0 0 0
852 1 0 0 0 0 0 1 0 0
853 11 1 1 3 0 0 3 0 0
854 1 1 1 0 0 0 1 0 0
855 1 0 0 0 0 0 1 0 0
856 3 0 0 1 0 0 0 0 0
858 3 0 0 1 0 0 1 0 0
860 2 0 0 0 0 0 1 0 0
898 3 1 1 1 0 0 0 0 0
912 4 0 0 0 0 0 0 0 0
913 3 1 1 1 0 0 0 0 0
919 2 1 1 1 0 0 0 0 0
920 1 0 0 0 0 0 1 0 0
929 6 0 0 0 0 0 1 0 0
930 3 0 0 1 0 0 1 0 0
933 4 1 1 1 0 0 0 0 0
936 15 1 1 6 0 0 2 0 0
938 2 0 0 0 0 0 0 0 0
939 6 0 0 2 0 0 4 1 1
941 1 1 1 0 0 0 1 0 0
942 3 0 0 2 0 0 0 0 0
943 3 0 0 1 0 0 0 0 0
945 4 0 0 2 0 0 1 0 0
957 1 0 0 0 0 0 0 0 0
958 2 0 0 0 0 0 2 0 0
959 21 0 0 7 0 0 6 0 0
960 2 0 0 1 0 0 0 0 0
962 6 0 0 0 0 0 0 0 0
963 18 1 1 6 0 0 12 0 0
964 18 0 0 0 0 0 0 0 0
975 4 1 1 2 0 0 1 0 0
976 3 0 0 1 0 0 1 0 0
978 4 0 0 0 0 0 0 0 0
979 2 0 0 0 0 0 2 0 0
980 4 0 0 1 0 0 0 0 0
983 3 1 1 1 0 0 0 0 0
1025 1 1 1 0 0 0 0 0 0
1094 2 0 0 1 0 0 0 0 0
1101 2 1 1 0 0 0 0 0 0
1104 3 0 0 1 0 0 0 0 0
1117 3 1 1 1 0 0 0 0 0
1163 7 1 1 3 0 0 0 0 0
1165 8 1 1 2 0 0 2 0 0
1167 8 0 0 2 0 0 0 0 0
1170 2 1 1 0 0 0 0 0 0
1172 4 1 1 2 0 0 0 0 0
1174 2 1 1 0 0 0 0 0 0
1177 5 1 1 2 0 0 0 0 0
1186 3 0 0 1 0 0 0 0 0
1194 4 0 0 2 0 0 0 0 0
1196 4 1 1 1 0 0 3 0 0
1198 3 0 0 1 0 0 0 0 0
1199 2 0 0 0 0 0 1 0 0
1203 2 0 0 1 0 0 0 0 0
1204 2 1 1 1 0 0 0 0 0
1205 3 0 0 1 0 0 0 0 0
1216 6 0 0 0 0 0 1 0 0
1217 3 0 0 1 0 0 1 0 0
1223 32 1 1 2 0 0 0 0 0
1224 27 0 0 9 0 0 0 0 0
1225 9 0 0 3 0 0 5 0 0
1226 16 0 0 8 0 0 0 0 0
1229 16 0 0 0 0 0 8 0 0
1232 1 0 0 1 0 0 0 0 0
1233 3 1 1 2 0 0 0 0 0
1250 134 4 4 48 0 0 30 0 0
1253 3 1 1 1 0 0 0 0 0
1260 4 1 1 3 0 0 0 0 0
1264 6 0 0 5 0 0 0 0 0
fn=hack_digit.13422
231 63 1 1 0 0 0 36 0 0
234 27 0 0 9 0 0 0 0 0
236 27 0 0 9 0 0 0 0 0
243 27 0 0 9 0 0 0 0 0
247 90 2 2 27 0 0 63 0 0
248 45 0 0 27 0 0 9 0 0
249 9 0 0 9 0 0 0 0 0
251 9 0 0 0 0 0 9 0 0
252 67 1 1 19 0 0 0 0 0
253 1 0 0 0 0 0 0 0 0
263 45 0 0 0 0 0 45 0 0
264 18 0 0 0 0 0 0 0 0
265 40 0 0 16 0 0 16 0 0
269 73 1 1 36 0 0 1 0 0
fl=/build/eglibc-X4bnBz/eglibc-2.19/stdio-common/vfprintf.c
fn=vfprintf
235 27 1 1 3 0 0 15 0 0
240 6 0 0 0 0 0 6 0 0
270 15 1 1 9 7 7 6 6 6
274 3 0 0 0 0 0 3 0 0
277 3 0 0 0 0 0 3 0 0
283 3 1 1 0 0 0 3 0 0
1295 29 0 0 9 3 3 1 0 0
1299 18 0 0 6 3 3 0 0 0
1303 18 1 1 6 0 0 0 0 0
1304 18 0 0 6 0 0 0 0 0
1310 6 0 0 0 0 0 0 0 0
1317 3 0 0 0 0 0 3 0 0
1321 6 0 0 3 0 0 3 0 0
1325 3 0 0 0 0 0 3 0 0
1332 3 0 0 0 0 0 3 0 0
1336 30 1 1 9 3 3 12 0 0
1337 42 1 1 24 3 3 3 0 0
1340 36 0 0 18 6 6 15 0 0
1344 9 1 1 6 0 0 0 0 0
1348 30 0 0 9 4 4 0 0 0
1375 3 0 0 0 0 0 3 3 3
1376 3 1 1 0 0 0 3 0 0
1377 3 0 0 0 0 0 3 0 0
1378 3 0 0 0 0 0 3 0 0
1379 3 0 0 0 0 0 3 0 0
1380 3 0 0 0 0 0 3 0 0
1381 3 0 0 0 0 0 3 0 0
1382 3 0 0 0 0 0 3 0 0
1383 3 1 1 0 0 0 3 0 0
1384 3 0 0 0 0 0 3 0 0
1385 3 0 0 0 0 0 3 0 0
1388 3 0 0 0 0 0 3 0 0
1389 6 0 0 0 0 0 3 0 0
1392 3 0 0 0 0 0 3 0 0
1393 3 0 0 0 0 0 0 0 0
1396 42 2 2 18 6 6 6 0 0
1632 2 1 1 0 0 0 1 0 0
1633 13 1 1 6 1 1 2 0 0
1660 304 29 29 100 0 0 53 1 1
1680 6 1 1 3 0 0 0 0 0
1682 3 0 0 0 0 0 3 0 0
1688 15 0 0 3 0 0 9 0 0
1692 69 2 2 18 0 0 18 0 0
1694 6 0 0 3 0 0 0 0 0
2091 6 0 0 3 0 0 0 0 0
2093 9 1 1 3 0 0 0 0 0
2095 9 0 0 3 0 0 0 0 0
2098 30 2 2 15 0 0 3 0 0
2099 9 0 0 3 0 0 0 0 0
2101 3 0 0 3 0 0 0 0 0
2102 21 1 1 15 0 0 0 0 0
fl=/build/eglibc-X4bnBz/eglibc-2.19/stdlib/../sysdeps/i386/lshift.S
fn=__mpn_lshift
31 1 1 1 0 0 0 1 0 0
33 1 0 0 0 0 0 1 0 0
35 1 0 0 0 0 0 1 0 0
38 1 0 0 1 0 0 0 0 0
40 1 0 0 1 0 0 0 0 0
42 1 0 0 1 0 0 0 0 0
43 1 0 0 1 0 0 0 0 0
44 1 0 0 0 0 0 0 0 0
46 1 0 0 1 0 0 0 0 0
49 1 0 0 0 0 0 0 0 0
50 1 0 0 0 0 0 0 0 0
51 1 0 0 0 0 0 0 0 0
52 1 1 1 0 0 0 0 0 0
53 1 0 0 0 0 0 1 0 0
55 1 0 0 0 0 0 0 0 0
56 1 0 0 0 0 0 0 0 0
64 1 0 0 1 0 0 0 0 0
65 1 0 0 0 0 0 0 0 0
66 1 0 0 0 0 0 1 0 0
67 1 0 0 0 0 0 0 0 0
68 1 0 0 0 0 0 0 0 0
70 1 0 0 0 0 0 0 0 0
71 1 0 0 0 0 0 1 0 0
73 1 0 0 1 0 0 0 0 0
76 1 0 0 1 0 0 0 0 0
79 1 0 0 1 0 0 0 0 0
82 1 0 0 1 0 0 0 0 0
86 1 0 0 1 0 0 0 0 0
fl=/build/eglibc-X4bnBz/eglibc-2.19/stdlib/../sysdeps/i386/mul_1.S
fn=__mpn_mul_1
37 9 1 1 0 0 0 9 0 0
39 9 0 0 0 0 0 9 0 0
41 9 0 0 0 0 0 9 0 0
43 9 0 0 0 0 0 9 0 0
46 9 0 0 9 0 0 0 0 0
48 9 0 0 9 0 0 0 0 0
50 9 0 0 9 0 0 0 0 0
51 9 1 1 9 0 0 0 0 0
53 9 0 0 0 0 0 0 0 0
54 9 0 0 0 0 0 0 0 0
55 9 0 0 0 0 0 0 0 0
56 18 0 0 0 0 0 0 0 0
60 17 0 0 17 0 0 0 0 0
61 17 0 0 0 0 0 0 0 0
62 17 0 0 0 0 0 0 0 0
63 17 0 0 0 0 0 17 0 0
64 17 0 0 0 0 0 0 0 0
65 17 0 0 0 0 0 0 0 0
67 17 0 0 0 0 0 0 0 0
68 17 0 0 0 0 0 0 0 0
69 9 0 0 0 0 0 0 0 0
71 9 0 0 9 0 0 0 0 0
74 9 0 0 9 0 0 0 0 0
77 9 0 0 9 0 0 0 0 0
80 9 0 0 9 0 0 0 0 0
84 9 0 0 9 0 0 0 0 0
fl=/build/eglibc-X4bnBz/eglibc-2.19/stdlib/../sysdeps/i386/rshift.S
fn=__mpn_rshift
31 2 1 1 0 0 0 2 0 0
33 2 0 0 0 0 0 2 0 0
35 2 0 0 0 0 0 2 0 0
38 2 0 0 2 0 0 0 0 0
40 2 0 0 2 0 0 0 0 0
42 2 0 0 2 0 0 0 0 0
43 2 0 0 2 0 0 0 0 0
44 2 0 0 0 0 0 0 0 0
45 2 0 0 0 0 0 0 0 0
46 2 0 0 0 0 0 0 0 0
48 2 0 0 2 0 0 0 0 0
51 2 0 0 0 0 0 0 0 0
52 2 0 0 0 0 0 0 0 0
53 2 0 0 0 0 0 0 0 0
54 2 0 0 0 0 0 0 0 0
55 2 0 0 0 0 0 2 0 0
57 2 0 0 0 0 0 0 0 0
58 2 0 0 0 0 0 0 0 0
59 4 0 0 0 0 0 0 0 0
62 2 0 0 2 0 0 0 0 0
63 2 0 0 0 0 0 0 0 0
64 2 0 0 0 0 0 2 0 0
65 2 0 0 0 0 0 0 0 0
66 2 0 0 2 0 0 0 0 0
67 2 0 0 0 0 0 0 0 0
68 2 1 1 0 0 0 2 0 0
69 2 0 0 0 0 0 0 0 0
70 2 0 0 0 0 0 0 0 0
72 2 0 0 0 0 0 0 0 0
73 2 0 0 0 0 0 2 0 0
75 2 0 0 2 0 0 0 0 0
78 2 0 0 2 0 0 0 0 0
81 2 0 0 2 0 0 0 0 0
84 2 0 0 2 0 0 0 0 0
88 2 0 0 2 0 0 0 0 0
fl=/build/eglibc-X4bnBz/eglibc-2.19/stdlib/../sysdeps/ieee754/dbl-64/dbl2mpn.c
fn=__mpn_extract_double
33 6 2 2 2 0 0 3 0 0
35 2 0 0 2 0 0 0 0 0
37 4 0 0 1 0 0 1 0 0
38 5 0 0 0 0 0 1 0 0
41 2 0 0 0 0 0 1 0 0
42 4 0 0 0 0 0 1 0 0
56 3 0 0 0 0 0 0 0 0
103 2 1 1 0 0 0 1 0 0
107 6 0 0 4 0 0 0 0 0
fl=/build/eglibc-X4bnBz/eglibc-2.19/stdlib/cmp.c
fn=__mpn_cmp
38 4 1 1 2 0 0 2 0 0
42 3 0 0 1 0 0 0 0 0
44 1 0 0 1 0 0 0 0 0
45 1 0 0 1 0 0 0 0 0
46 2 0 0 0 0 0 0 0 0
54 4 0 0 0 0 0 0 0 0
55 3 0 0 3 0 0 0 0 0
fl=/build/eglibc-X4bnBz/eglibc-2.19/stdlib/cxa_atexit.c
fn=__cxa_atexit
35 3 0 0 0 0 0 2 0 0
37 2 0 0 0 0 0 0 0 0
41 3 0 0 2 0 0 0 0 0
43 1 1 1 0 0 0 1 0 0
44 2 0 0 1 0 0 1 0 0
45 2 0 0 1 0 0 1 0 0
47 1 0 0 0 0 0 1 0 0
48 1 0 0 0 0 0 0 0 0
57 4 1 1 0 0 0 2 0 0
59 3 0 0 2 0 0 0 0 0
fn=__new_exitfn
73 7 1 1 0 0 0 5 0 0
74 3 0 0 0 0 0 0 0 0
79 6 1 1 2 1 1 0 0 0
81 9 1 1 3 0 0 0 0 0
83 3 0 0 1 1 1 0 0 0
91 1 0 0 0 0 0 1 0 0
112 1 1 1 0 0 0 0 0 0
113 2 0 0 0 0 0 1 0 0
126 1 1 1 0 0 0 1 0 0
127 2 0 0 2 1 1 0 0 0
130 4 0 0 2 0 0 0 0 0
133 7 0 0 5 0 0 0 0 0
fl=/build/eglibc-X4bnBz/eglibc-2.19/stdlib/divrem.c
fn=__mpn_divrem
56 72 2 2 9 0 0 45 2 2
57 9 0 0 0 0 0 9 0 0
59 36 0 0 18 0 0 0 0 0
99 27 1 1 9 0 0 9 0 0
100 18 0 0 18 0 0 0 0 0
101 18 0 0 18 0 0 0 0 0
102 9 0 0 9 0 0 0 0 0
103 9 0 0 9 0 0 0 0 0
105 18 0 0 0 0 0 0 0 0
111 78 1 1 34 0 0 9 0 0
116 40 0 0 32 0 0 0 0 0
117 24 1 1 0 0 0 16 0 0
121 16 0 0 0 0 0 0 0 0
136 40 0 0 0 0 0 16 0 0
140 40 0 0 0 0 0 0 0 0
141 32 0 0 8 0 0 0 0 0
146 32 0 0 8 0 0 0 0 0
153 8 0 0 0 0 0 8 0 0
157 32 1 1 16 0 0 16 0 0
158 24 0 0 16 0 0 0 0 0
160 18 0 0 9 0 0 9 0 0
161 9 0 0 0 0 0 9 0 0
163 9 0 0 9 0 0 0 0 0
244 54 0 0 45 0 0 0 0 0
fl=/build/eglibc-X4bnBz/eglibc-2.19/stdlib/drand48-iter.c
fn=__drand48_iterate
33 8060928 1 1 4030464 0 0 4030464 0 0
38 4030464 0 0 2015232 1 0 0 0 0
40 2 1 1 0 0 0 2 0 0
41 1 0 0 0 0 0 1 0 0
42 2 0 0 0 0 0 1 0 0
49 10076160 0 0 6045696 0 0 0 0 0
51 20152320 0 0 8060928 0 0 0 0 0
53 2015232 0 0 0 0 0 2015232 0 0
54 6045696 0 0 0 0 0 2015232 0 0
55 2015232 0 0 0 0 0 2015232 0 0
58 8060928 0 0 6045696 0 0 0 0 0
fl=/build/eglibc-X4bnBz/eglibc-2.19/stdlib/drand48.c
fn=drand48
24 8060928 1 1 0 0 0 4030464 0 0
27 12091392 0 0 0 0 0 8060928 1 1
30 8060928 1 1 6045696 0 0 0 0 0
fl=/build/eglibc-X4bnBz/eglibc-2.19/stdlib/erand48_r.c
fn=erand48_r
29 14106624 1 1 2015232 0 0 8060928 0 0
33 12091392 0 0 2015232 0 0 6045696 0 0
39 4030464 1 1 2015232 0 0 2015232 0 0
40 4030464 0 0 0 0 0 0 0 0
41 20152320 0 0 4030464 0 0 2015232 0 0
42 10076160 0 0 2015232 0 0 2015232 0 0
45 8060928 1 1 6045696 2 2 2015232 0 0
47 2015232 0 0 0 0 0 0 0 0
48 10076160 0 0 8060928 0 0 0 0 0
fl=/build/eglibc-X4bnBz/eglibc-2.19/string/../bits/stdlib-bsearch.h
fn=intel_check_word
27 30 1 1 0 0 0 0 0 0
28 120 0 0 0 0 0 30 0 0
29 378 0 0 126 0 0 0 0 0
31 682 1 1 196 0 0 0 0 0
32 196 0 0 0 0 0 0 0 0
37 126 0 0 0 0 0 63 0 0
fl=/build/eglibc-X4bnBz/eglibc-2.19/string/../sysdeps/i386/i686/multiarch/../../i586/strchr.S
fn=index
45 7 1 1 0 0 0 7 0 0
47 7 0 0 0 0 0 7 0 0
50 7 0 0 0 0 0 7 0 0
52 7 0 0 0 0 0 7 1 1
55 7 0 0 7 0 0 0 0 0
56 7 0 0 7 0 0 0 0 0
58 7 0 0 0 0 0 0 0 0
60 7 0 0 0 0 0 0 0 0
66 7 0 0 0 0 0 0 0 0
67 7 0 0 0 0 0 0 0 0
69 7 0 0 0 0 0 0 0 0
70 7 0 0 0 0 0 0 0 0
72 7 0 0 0 0 0 0 0 0
73 7 0 0 0 0 0 0 0 0
75 7 0 0 0 0 0 0 0 0
77 4 1 1 0 0 0 0 0 0
78 4 0 0 0 0 0 0 0 0
80 4 0 0 4 2 2 0 0 0
81 4 0 0 0 0 0 0 0 0
83 4 0 0 0 0 0 0 0 0
84 4 0 0 0 0 0 0 0 0
86 4 0 0 4 0 0 0 0 0
87 4 0 0 0 0 0 0 0 0
89 4 0 0 0 0 0 0 0 0
90 4 0 0 0 0 0 0 0 0
92 4 0 0 0 0 0 0 0 0
93 4 0 0 0 0 0 0 0 0
95 4 0 0 0 0 0 0 0 0
96 4 0 0 0 0 0 0 0 0
98 4 0 0 0 0 0 0 0 0
100 4 0 0 4 0 0 0 0 0
102 4 0 0 0 0 0 0 0 0
103 4 0 0 0 0 0 0 0 0
105 4 0 0 0 0 0 0 0 0
106 4 0 0 0 0 0 0 0 0
108 4 1 1 0 0 0 0 0 0
118 7 0 0 7 0 0 0 0 0
119 7 0 0 0 0 0 0 0 0
121 7 0 0 0 0 0 0 0 0
122 7 0 0 0 0 0 0 0 0
147 9 0 0 0 0 0 0 0 0
148 9 0 0 0 0 0 0 0 0
150 9 0 0 0 0 0 0 0 0
151 9 0 0 0 0 0 0 0 0
153 9 0 0 0 0 0 0 0 0
154 9 0 0 0 0 0 0 0 0
156 9 0 0 0 0 0 0 0 0
157 9 0 0 0 0 0 0 0 0
159 9 0 0 0 0 0 0 0 0
160 9 0 0 0 0 0 0 0 0
162 9 0 0 9 0 0 0 0 0
163 9 0 0 0 0 0 0 0 0
165 9 0 0 0 0 0 0 0 0
166 9 1 1 0 0 0 0 0 0
168 9 0 0 0 0 0 0 0 0
169 9 0 0 0 0 0 0 0 0
171 9 0 0 0 0 0 0 0 0
172 9 0 0 0 0 0 0 0 0
174 9 0 0 0 0 0 0 0 0
175 9 0 0 0 0 0 0 0 0
177 8 0 0 0 0 0 0 0 0
178 8 0 0 0 0 0 0 0 0
180 8 0 0 0 0 0 0 0 0
181 8 0 0 0 0 0 0 0 0
183 8 0 0 0 0 0 0 0 0
184 8 0 0 0 0 0 0 0 0
186 8 0 0 0 0 0 0 0 0
187 8 0 0 0 0 0 0 0 0
189 6 0 0 0 0 0 0 0 0
190 6 0 0 0 0 0 0 0 0
192 6 0 0 6 0 0 0 0 0
193 6 1 1 0 0 0 0 0 0
195 6 0 0 0 0 0 0 0 0
196 6 0 0 0 0 0 0 0 0
198 6 0 0 0 0 0 0 0 0
199 6 0 0 0 0 0 0 0 0
201 6 0 0 0 0 0 0 0 0
202 6 0 0 0 0 0 0 0 0
204 6 0 0 0 0 0 0 0 0
205 6 0 0 0 0 0 0 0 0
207 6 0 0 0 0 0 0 0 0
208 6 0 0 0 0 0 0 0 0
210 6 0 0 0 0 0 0 0 0
211 6 0 0 0 0 0 0 0 0
213 5 0 0 0 0 0 0 0 0
214 5 0 0 0 0 0 0 0 0
216 5 0 0 0 0 0 0 0 0
217 5 0 0 0 0 0 0 0 0
219 4 0 0 0 0 0 0 0 0
220 4 0 0 0 0 0 0 0 0
222 4 0 0 4 0 0 0 0 0
223 4 1 1 0 0 0 0 0 0
225 4 0 0 0 0 0 0 0 0
226 4 0 0 0 0 0 0 0 0
228 4 0 0 0 0 0 0 0 0
229 4 0 0 0 0 0 0 0 0
231 4 0 0 0 0 0 0 0 0
232 4 0 0 0 0 0 0 0 0
234 4 0 0 0 0 0 0 0 0
235 4 0 0 0 0 0 0 0 0
237 4 0 0 0 0 0 0 0 0
238 4 0 0 0 0 0 0 0 0
240 4 0 0 0 0 0 0 0 0
241 4 0 0 0 0 0 0 0 0
243 2 0 0 0 0 0 0 0 0
244 2 0 0 0 0 0 0 0 0
246 2 0 0 0 0 0 0 0 0
247 2 0 0 0 0 0 0 0 0
249 2 0 0 0 0 0 0 0 0
250 2 0 0 0 0 0 0 0 0
252 2 0 0 2 0 0 0 0 0
253 2 0 0 0 0 0 0 0 0
255 2 0 0 0 0 0 0 0 0
256 2 0 0 0 0 0 0 0 0
258 2 0 0 0 0 0 0 0 0
259 2 0 0 0 0 0 0 0 0
261 2 0 0 0 0 0 0 0 0
262 2 0 0 0 0 0 0 0 0
264 2 0 0 0 0 0 0 0 0
266 2 0 0 0 0 0 0 0 0
270 1 0 0 0 0 0 0 0 0
271 1 0 0 0 0 0 0 0 0
273 1 0 0 0 0 0 0 0 0
288 7 0 0 7 0 0 0 0 0
291 7 0 0 7 0 0 0 0 0
295 7 0 0 7 0 0 0 0 0
298 7 0 0 7 0 0 0 0 0
302 7 0 0 7 0 0 0 0 0
311 6 1 1 0 0 0 0 0 0
312 6 0 0 0 0 0 0 0 0
314 6 0 0 0 0 0 0 0 0
316 6 0 0 0 0 0 0 0 0
317 6 0 0 0 0 0 0 0 0
319 6 0 0 0 0 0 0 0 0
321 6 0 0 0 0 0 0 0 0
322 6 0 0 0 0 0 0 0 0
324 6 0 0 0 0 0 0 0 0
325 6 0 0 0 0 0 0 0 0
327 5 0 0 0 0 0 0 0 0
328 5 0 0 0 0 0 0 0 0
330 5 0 0 0 0 0 0 0 0
331 5 0 0 0 0 0 0 0 0
333 5 0 0 0 0 0 0 0 0
334 5 0 0 0 0 0 0 0 0
336 1 0 0 0 0 0 0 0 0
339 1 0 0 0 0 0 0 0 0
340 1 0 0 0 0 0 0 0 0
342 6 0 0 0 0 0 0 0 0
343 6 0 0 0 0 0 0 0 0
fl=/build/eglibc-X4bnBz/eglibc-2.19/string/../sysdeps/i386/i686/multiarch/../../i586/strlen.S
fn=__GI_strlen
43 1 1 1 1 0 0 0 0 0
44 1 0 0 0 0 0 0 0 0
46 1 0 0 0 0 0 0 0 0
48 1 0 0 0 0 0 0 0 0
94 1 0 0 1 1 1 0 0 0
95 1 0 0 0 0 0 0 0 0
97 1 0 0 0 0 0 0 0 0
98 1 0 0 0 0 0 0 0 0
100 1 0 0 0 0 0 0 0 0
101 1 1 1 0 0 0 0 0 0
103 1 0 0 0 0 0 0 0 0
105 1 0 0 0 0 0 0 0 0
107 1 0 0 0 0 0 0 0 0
158 1 1 1 0 0 0 0 0 0
159 1 0 0 0 0 0 0 0 0
161 1 0 0 0 0 0 0 0 0
162 1 0 0 0 0 0 0 0 0
164 1 0 0 0 0 0 0 0 0
165 1 0 0 0 0 0 0 0 0
167 1 0 0 0 0 0 0 0 0
177 1 0 0 1 0 0 0 0 0
180 1 0 0 1 0 0 0 0 0
fn=strlen
43 15 1 1 15 0 0 0 0 0
44 15 0 0 0 0 0 0 0 0
46 15 0 0 0 0 0 0 0 0
48 15 0 0 0 0 0 0 0 0
49 6 0 0 0 0 0 0 0 0
51 4 0 0 4 0 0 0 0 0
52 4 0 0 0 0 0 0 0 0
54 4 0 0 0 0 0 0 0 0
55 4 0 0 4 0 0 0 0 0
57 4 0 0 0 0 0 0 0 0
59 4 0 0 0 0 0 0 0 0
60 4 0 0 0 0 0 0 0 0
62 4 0 0 0 0 0 0 0 0
64 6 0 0 6 0 0 0 0 0
65 6 0 0 0 0 0 0 0 0
67 6 0 0 0 0 0 0 0 0
68 6 1 1 0 0 0 0 0 0
94 25 0 0 25 3 3 0 0 0
95 25 0 0 0 0 0 0 0 0
97 25 0 0 0 0 0 0 0 0
98 25 0 0 0 0 0 0 0 0
100 25 0 0 0 0 0 0 0 0
101 25 0 0 0 0 0 0 0 0
103 24 0 0 0 0 0 0 0 0
105 24 0 0 0 0 0 0 0 0
107 24 0 0 0 0 0 0 0 0
110 23 0 0 23 0 0 0 0 0
111 23 0 0 0 0 0 0 0 0
113 23 0 0 0 0 0 0 0 0
114 23 0 0 0 0 0 0 0 0
116 23 0 0 0 0 0 0 0 0
117 23 0 0 0 0 0 0 0 0
119 21 0 0 0 0 0 0 0 0
121 21 0 0 0 0 0 0 0 0
123 21 0 0 0 0 0 0 0 0
126 19 0 0 19 0 0 0 0 0
127 19 0 0 0 0 0 0 0 0
129 19 0 0 0 0 0 0 0 0
130 19 0 0 0 0 0 0 0 0
132 19 0 0 0 0 0 0 0 0
133 19 0 0 0 0 0 0 0 0
135 18 0 0 0 0 0 0 0 0
137 18 0 0 0 0 0 0 0 0
139 18 0 0 0 0 0 0 0 0
142 17 0 0 17 0 0 0 0 0
143 17 0 0 0 0 0 0 0 0
145 17 0 0 0 0 0 0 0 0
146 17 0 0 0 0 0 0 0 0
148 17 0 0 0 0 0 0 0 0
149 17 0 0 0 0 0 0 0 0
151 11 0 0 0 0 0 0 0 0
153 11 0 0 0 0 0 0 0 0
155 11 0 0 0 0 0 0 0 0
158 15 1 1 0 0 0 0 0 0
159 15 0 0 0 0 0 0 0 0
161 15 0 0 0 0 0 0 0 0
162 15 0 0 0 0 0 0 0 0
164 11 0 0 0 0 0 0 0 0
165 11 0 0 0 0 0 0 0 0
167 11 0 0 0 0 0 0 0 0
169 7 0 0 0 0 0 0 0 0
170 7 0 0 0 0 0 0 0 0
172 7 1 1 0 0 0 0 0 0
173 7 0 0 0 0 0 0 0 0
175 2 0 0 0 0 0 0 0 0
177 15 0 0 15 0 0 0 0 0
180 15 0 0 15 0 0 0 0 0
fl=/build/eglibc-X4bnBz/eglibc-2.19/string/../sysdeps/i386/i686/multiarch/../../strrchr.S
fn=__GI_strrchr
33 1 1 1 0 0 0 1 0 0
36 1 0 0 0 0 0 1 0 0
39 1 0 0 0 0 0 0 0 0
40 1 0 0 1 0 0 0 0 0
42 1 0 0 1 0 0 0 0 0
48 1 0 0 0 0 0 0 0 0
49 1 0 0 0 0 0 0 0 0
50 1 1 1 0 0 0 0 0 0
51 1 0 0 0 0 0 0 0 0
64 1 0 0 0 0 0 0 0 0
65 1 0 0 0 0 0 0 0 0
66 1 0 0 1 1 0 0 0 0
67 1 0 0 0 0 0 0 0 0
68 1 0 0 0 0 0 0 0 0
70 1 0 0 0 0 0 0 0 0
71 1 0 0 0 0 0 0 0 0
72 1 0 0 0 0 0 0 0 0
74 1 0 0 0 0 0 0 0 0
75 1 0 0 0 0 0 0 0 0
154 1 1 1 0 0 0 0 0 0
155 1 0 0 0 0 0 0 0 0
156 1 0 0 0 0 0 0 0 0
157 1 0 0 0 0 0 0 0 0
158 1 0 0 0 0 0 0 0 0
166 1 0 0 0 0 0 0 0 0
167 1 0 0 0 0 0 0 0 0
168 1 0 0 0 0 0 0 0 0
171 1 0 0 0 0 0 0 0 0
173 2 1 1 2 0 0 0 0 0
174 2 0 0 0 0 0 0 0 0
175 2 0 0 0 0 0 0 0 0
186 2 0 0 0 0 0 0 0 0
190 2 0 0 0 0 0 0 0 0
193 2 0 0 0 0 0 0 0 0
194 2 0 0 0 0 0 0 0 0
198 2 0 0 0 0 0 0 0 0
204 1 0 0 0 0 0 0 0 0
206 1 0 0 0 0 0 0 0 0
207 1 0 0 0 0 0 0 0 0
210 1 0 0 0 0 0 0 0 0
211 1 0 0 0 0 0 0 0 0
212 1 1 1 0 0 0 0 0 0
213 1 0 0 0 0 0 0 0 0
215 1 0 0 0 0 0 0 0 0
300 1 1 1 0 0 0 0 0 0
301 1 0 0 0 0 0 0 0 0
303 1 1 1 0 0 0 0 0 0
304 1 0 0 0 0 0 0 0 0
306 1 0 0 0 0 0 0 0 0
307 1 0 0 0 0 0 0 0 0
309 1 0 0 0 0 0 0 0 0
310 1 0 0 0 0 0 0 0 0
312 1 0 0 0 0 0 0 0 0
313 1 0 0 0 0 0 0 0 0
314 1 0 0 0 0 0 0 0 0
316 1 0 0 0 0 0 0 0 0
317 1 0 0 0 0 0 0 0 0
323 1 0 0 1 0 0 0 0 0
326 1 0 0 1 0 0 0 0 0
330 1 0 0 1 0 0 0 0 0
fl=/build/eglibc-X4bnBz/eglibc-2.19/string/../sysdeps/i386/i686/multiarch/../memcmp.S
fn=bcmp
46 12 1 1 0 0 0 12 0 0
48 12 0 0 12 0 0 0 0 0
49 12 0 0 12 0 0 0 0 0
50 12 0 0 12 0 0 0 0 0
52 12 0 0 0 0 0 0 0 0
53 12 0 0 0 0 0 0 0 0
71 12 1 1 0 0 0 0 0 0
73 12 0 0 0 0 0 12 0 0
75 12 0 0 0 0 0 0 0 0
77 12 0 0 0 0 0 0 0 0
78 48 0 0 12 1 1 12 0 0
81 12 0 0 0 0 0 0 0 0
82 12 0 0 0 0 0 0 0 0
83 12 0 0 0 0 0 0 0 0
97 1 0 0 1 1 1 0 0 0
98 1 0 0 1 0 0 0 0 0
99 1 0 0 0 0 0 0 0 0
100 1 0 0 0 0 0 0 0 0
102 4 0 0 4 1 1 0 0 0
103 4 0 0 4 0 0 0 0 0
104 4 0 0 0 0 0 0 0 0
105 4 0 0 0 0 0 0 0 0
107 5 1 1 5 0 0 0 0 0
108 5 0 0 5 1 1 0 0 0
109 5 0 0 0 0 0 0 0 0
110 5 0 0 0 0 0 0 0 0
112 5 0 0 5 0 0 0 0 0
113 5 0 0 5 1 1 0 0 0
114 5 0 0 0 0 0 0 0 0
115 5 1 1 0 0 0 0 0 0
117 5 0 0 5 0 0 0 0 0
118 5 0 0 5 1 1 0 0 0
119 5 0 0 0 0 0 0 0 0
120 5 0 0 0 0 0 0 0 0
122 5 0 0 5 0 0 0 0 0
125 5 0 0 0 0 0 0 0 0
126 10 0 0 10 0 0 0 0 0
256 1 0 0 1 1 1 0 0 0
257 1 0 0 1 1 1 0 0 0
258 1 0 0 0 0 0 0 0 0
259 1 0 0 0 0 0 0 0 0
261 5 1 1 5 0 0 0 0 0
262 5 0 0 5 2 2 0 0 0
263 5 0 0 0 0 0 0 0 0
264 5 0 0 0 0 0 0 0 0
266 4 0 0 4 0 0 0 0 0
267 4 0 0 4 0 0 0 0 0
268 4 0 0 0 0 0 0 0 0
269 4 0 0 0 0 0 0 0 0
270 4 0 0 0 0 0 0 0 0
271 4 1 1 0 0 0 0 0 0
272 4 0 0 4 0 0 0 0 0
273 4 0 0 4 0 0 0 0 0
274 4 0 0 0 0 0 0 0 0
275 4 0 0 4 0 0 0 0 0
278 4 0 0 0 0 0 0 0 0
279 8 0 0 8 0 0 0 0 0
349 3 1 1 0 0 0 0 0 0
350 3 0 0 0 0 0 0 0 0
361 3 0 0 0 0 0 0 0 0
362 3 0 0 0 0 0 0 0 0
363 3 0 0 3 0 0 0 0 0
366 6 0 0 6 0 0 0 0 0
fl=/build/eglibc-X4bnBz/eglibc-2.19/string/../sysdeps/i386/i686/multiarch/../memcpy.S
fn=__GI_memcpy
40 2 1 1 0 0 0 0 0 0
41 2 0 0 2 0 0 0 0 0
42 2 0 0 0 0 0 0 0 0
43 2 0 0 2 0 0 0 0 0
45 2 0 0 0 0 0 0 0 0
46 2 0 0 0 0 0 0 0 0
47 2 1 1 0 0 0 0 0 0
48 2 0 0 2 0 0 0 0 0
49 2 0 0 0 0 0 0 0 0
50 2 0 0 0 0 0 0 0 0
52 2 0 0 0 0 0 0 0 0
53 2 0 0 0 0 0 0 0 0
55 2 0 0 0 0 0 0 0 0
56 2 0 0 0 0 0 0 0 0
67 2 0 0 0 0 0 2 0 0
68 2 0 0 0 0 0 0 0 0
69 2 0 0 0 0 0 0 0 0
70 2 0 0 0 0 0 0 0 0
71 8 0 0 6 1 1 6 1 1
73 2 0 0 0 0 0 0 0 0
74 2 0 0 0 0 0 0 0 0
76 2 0 0 2 0 0 0 0 0
78 2 0 0 0 0 0 0 0 0
79 2 1 1 0 0 0 0 0 0
80 2 0 0 2 0 0 0 0 0
82 2 0 0 2 0 0 0 0 0
fn=memcpy
40 13 1 1 0 0 0 0 0 0
41 13 0 0 13 0 0 0 0 0
42 13 0 0 0 0 0 0 0 0
43 13 0 0 13 0 0 0 0 0
45 13 0 0 0 0 0 0 0 0
46 13 0 0 0 0 0 0 0 0
47 13 1 1 0 0 0 0 0 0
48 13 0 0 13 0 0 0 0 0
49 13 0 0 0 0 0 0 0 0
50 13 0 0 0 0 0 0 0 0
52 9 0 0 0 0 0 0 0 0
53 9 0 0 0 0 0 0 0 0
55 8 0 0 0 0 0 0 0 0
56 8 0 0 0 0 0 0 0 0
67 8 0 0 0 0 0 8 0 0
68 8 0 0 0 0 0 0 0 0
69 8 0 0 0 0 0 0 0 0
70 8 0 0 0 0 0 0 0 0
71 43 0 0 35 0 0 35 5 5
73 8 0 0 0 0 0 0 0 0
74 15 0 0 7 0 0 7 0 0
76 8 0 0 8 0 0 0 0 0
78 13 0 0 0 0 0 0 0 0
79 13 0 0 0 0 0 0 0 0
80 13 0 0 13 0 0 0 0 0
82 13 0 0 13 0 0 0 0 0
88 5 1 1 0 0 0 0 0 0
89 5 0 0 0 0 0 0 0 0
90 2 0 0 2 0 0 2 1 1
91 5 0 0 0 0 0 0 0 0
92 5 0 0 0 0 0 0 0 0
93 4 0 0 4 0 0 4 1 1
94 28 0 0 23 0 0 23 2 2
96 5 0 0 0 0 0 0 0 0
fl=/build/eglibc-X4bnBz/eglibc-2.19/string/../sysdeps/i386/i686/multiarch/../mempcpy.S
fn=__GI_mempcpy
40 8 1 1 8 0 0 0 0 0
41 8 0 0 0 0 0 0 0 0
43 8 0 0 8 0 0 0 0 0
44 8 0 0 0 0 0 0 0 0
46 8 0 0 8 0 0 0 0 0
47 8 0 0 0 0 0 0 0 0
48 8 0 0 0 0 0 0 0 0
49 8 0 0 0 0 0 0 0 0
50 7 0 0 7 0 0 7 1 1
51 8 0 0 0 0 0 0 0 0
52 8 0 0 0 0 0 0 0 0
53 3 0 0 3 0 0 3 0 0
54 25 0 0 17 0 0 17 1 1
56 8 0 0 0 0 0 0 0 0
58 8 0 0 0 0 0 0 0 0
61 8 0 0 8 0 0 0 0 0
fn=mempcpy
40 49 1 1 49 0 0 0 0 0
41 49 0 0 0 0 0 0 0 0
43 49 0 0 49 0 0 0 0 0
44 49 0 0 0 0 0 0 0 0
46 49 0 0 49 0 0 0 0 0
47 49 2 1 0 0 0 0 0 0
48 49 0 0 0 0 0 0 0 0
49 49 0 0 0 0 0 0 0 0
50 14 0 0 14 1 1 14 2 2
51 49 0 0 0 0 0 0 0 0
52 49 0 0 0 0 0 0 0 0
53 32 0 0 32 0 0 32 1 1
54 147 0 0 98 1 0 98 2 2
56 49 0 0 0 0 0 0 0 0
58 49 0 0 0 0 0 0 0 0
61 49 0 0 49 0 0 0 0 0
fl=/build/eglibc-X4bnBz/eglibc-2.19/string/../sysdeps/i386/i686/multiarch/../memset.S
fn=memset
48 6 1 1 0 0 0 0 0 0
49 6 0 0 0 0 0 6 0 0
51 6 0 0 6 0 0 0 0 0
52 6 0 0 6 0 0 0 0 0
56 6 0 0 6 0 0 0 0 0
58 6 0 0 0 0 0 0 0 0
59 6 0 0 0 0 0 0 0 0
61 6 0 0 0 0 0 0 0 0
62 6 0 0 0 0 0 0 0 0
63 1 0 0 0 0 0 0 0 0
64 1 0 0 0 0 0 1 0 0
65 1 0 0 0 0 0 0 0 0
66 1 0 0 0 0 0 0 0 0
67 1 0 0 0 0 0 1 0 0
68 1 0 0 0 0 0 0 0 0
69 1 0 0 0 0 0 0 0 0
74 5 0 0 0 0 0 0 0 0
75 5 0 0 0 0 0 0 0 0
76 5 0 0 0 0 0 0 0 0
78 5 0 0 0 0 0 0 0 0
80 107 0 0 0 0 0 102 8 8
82 5 0 0 0 0 0 0 0 0
83 5 0 0 0 0 0 0 0 0
88 6 0 0 6 0 0 0 0 0
90 6 0 0 6 0 0 0 0 0
97 6 0 0 6 0 0 0 0 0
fl=/build/eglibc-X4bnBz/eglibc-2.19/string/../sysdeps/i386/i686/multiarch/../strcmp.S
fn=strcmp
30 206 1 1 206 0 0 0 0 0
31 206 0 0 206 0 0 0 0 0
33 1320 0 0 1320 21 17 0 0 0
34 1320 0 0 1320 9 4 0 0 0
35 1320 0 0 0 0 0 0 0 0
36 1229 0 0 0 0 0 0 0 0
37 1229 0 0 0 0 0 0 0 0
38 1229 0 0 0 0 0 0 0 0
39 1229 0 0 0 0 0 0 0 0
41 115 0 0 0 0 0 0 0 0
44 115 0 0 115 0 0 0 0 0
46 91 0 0 0 0 0 0 0 0
47 91 0 0 0 0 0 0 0 0
48 91 0 0 0 0 0 0 0 0
50 91 0 0 91 0 0 0 0 0
fl=/build/eglibc-X4bnBz/eglibc-2.19/string/../sysdeps/i386/i686/multiarch/memrchr.S
fn=memrchr
36 3 1 1 0 0 0 2 0 0
39 1 1 1 1 0 0 0 0 0
40 1 0 0 0 0 0 0 0 0
43 1 0 0 1 0 0 0 0 0
44 1 0 0 0 0 0 0 0 0
45 1 0 0 1 0 0 0 0 0
46 1 0 0 0 0 0 0 0 0
62 1 0 0 0 0 0 0 0 0
63 1 0 0 1 0 0 0 0 0
65 1 0 0 1 0 0 0 0 0
fl=/build/eglibc-X4bnBz/eglibc-2.19/string/../sysdeps/i386/i686/multiarch/strcat.S
fn=???
55 8061232 1 1 8061232 0 0 0 0 0
fl=/build/eglibc-X4bnBz/eglibc-2.19/string/../sysdeps/i386/i686/multiarch/strncase.S
fn=strncasecmp
27 3 1 1 0 0 0 2 0 0
31 1 1 1 1 0 0 0 0 0
32 1 0 0 0 0 0 0 0 0
34 1 0 0 0 0 0 0 0 0
35 1 0 0 1 0 0 0 0 0
36 1 0 0 0 0 0 0 0 0
37 1 0 0 0 0 0 0 0 0
38 1 0 0 1 0 0 0 0 0
39 1 0 0 0 0 0 0 0 0
43 1 1 1 1 0 0 0 0 0
46 1 0 0 1 0 0 0 0 0
fl=/build/eglibc-X4bnBz/eglibc-2.19/string/../sysdeps/i386/i686/multiarch/strnlen.S
fn=strnlen
28 3 1 1 0 0 0 2 0 0
32 1 0 0 1 1 1 0 0 0
33 1 0 0 0 0 0 0 0 0
34 1 0 0 0 0 0 1 0 0
35 1 0 0 0 0 0 0 0 0
36 1 0 0 1 0 0 0 0 0
37 1 0 0 0 0 0 0 0 0
38 1 0 0 0 0 0 0 0 0
39 1 0 0 1 0 0 0 0 0
42 1 0 0 1 0 0 0 0 0
fl=/build/eglibc-X4bnBz/eglibc-2.19/string/../sysdeps/i386/strchrnul.S
fn=strchrnul
34 6 1 1 0 0 0 6 0 0
38 6 0 0 6 0 0 0 0 0
39 6 0 0 6 0 0 0 0 0
45 6 0 0 0 0 0 0 0 0
46 6 0 0 0 0 0 0 0 0
47 6 0 0 0 0 0 0 0 0
48 6 1 1 0 0 0 0 0 0
61 6 0 0 0 0 0 0 0 0
62 6 0 0 0 0 0 0 0 0
63 3 0 0 3 0 0 0 0 0
64 3 0 0 0 0 0 0 0 0
65 3 0 0 0 0 0 0 0 0
66 3 0 0 0 0 0 0 0 0
67 3 0 0 0 0 0 0 0 0
68 3 0 0 0 0 0 0 0 0
70 3 0 0 0 0 0 0 0 0
71 3 0 0 0 0 0 0 0 0
72 1 0 0 1 0 0 0 0 0
73 1 0 0 0 0 0 0 0 0
74 1 0 0 0 0 0 0 0 0
75 1 0 0 0 0 0 0 0 0
76 1 0 0 0 0 0 0 0 0
77 1 0 0 0 0 0 0 0 0
79 1 0 0 0 0 0 0 0 0
80 1 0 0 0 0 0 0 0 0
81 1 0 0 1 0 0 0 0 0
82 1 0 0 0 0 0 0 0 0
83 1 0 0 0 0 0 0 0 0
84 1 0 0 0 0 0 0 0 0
85 1 0 0 0 0 0 0 0 0
86 1 0 0 0 0 0 0 0 0
89 1 0 0 0 0 0 0 0 0
121 6 0 0 0 0 0 0 0 0
123 12 1 1 12 2 2 0 0 0
124 12 0 0 0 0 0 0 0 0
126 12 0 0 0 0 0 0 0 0
127 12 0 0 0 0 0 0 0 0
137 12 0 0 0 0 0 0 0 0
141 12 0 0 0 0 0 0 0 0
144 12 0 0 0 0 0 0 0 0
145 12 0 0 0 0 0 0 0 0
149 12 0 0 0 0 0 0 0 0
155 12 0 0 0 0 0 0 0 0
156 12 0 0 0 0 0 0 0 0
157 12 0 0 0 0 0 0 0 0
160 12 1 1 0 0 0 0 0 0
161 12 0 0 0 0 0 0 0 0
162 12 0 0 0 0 0 0 0 0
163 12 0 0 0 0 0 0 0 0
165 12 0 0 0 0 0 0 0 0
167 10 0 0 10 0 0 0 0 0
168 10 0 0 0 0 0 0 0 0
170 10 0 0 0 0 0 0 0 0
171 10 0 0 0 0 0 0 0 0
174 10 0 0 0 0 0 0 0 0
175 10 0 0 0 0 0 0 0 0
176 10 0 0 0 0 0 0 0 0
177 10 0 0 0 0 0 0 0 0
179 10 0 0 0 0 0 0 0 0
180 7 0 0 0 0 0 0 0 0
181 7 0 0 0 0 0 0 0 0
182 7 0 0 0 0 0 0 0 0
185 7 0 0 0 0 0 0 0 0
186 7 0 0 0 0 0 0 0 0
187 7 1 1 0 0 0 0 0 0
188 7 0 0 0 0 0 0 0 0
190 7 0 0 0 0 0 0 0 0
192 7 0 0 7 2 2 0 0 0
193 7 0 0 0 0 0 0 0 0
195 7 0 0 0 0 0 0 0 0
196 7 0 0 0 0 0 0 0 0
199 7 0 0 0 0 0 0 0 0
200 7 0 0 0 0 0 0 0 0
201 7 0 0 0 0 0 0 0 0
202 7 0 0 0 0 0 0 0 0
204 7 0 0 0 0 0 0 0 0
205 7 0 0 0 0 0 0 0 0
206 7 0 0 0 0 0 0 0 0
207 7 0 0 0 0 0 0 0 0
210 7 0 0 0 0 0 0 0 0
211 6 0 0 0 0 0 0 0 0
212 6 0 0 0 0 0 0 0 0
213 6 0 0 0 0 0 0 0 0
215 6 0 0 0 0 0 0 0 0
217 6 0 0 6 0 0 0 0 0
218 6 0 0 0 0 0 0 0 0
220 6 0 0 0 0 0 0 0 0
221 6 0 0 0 0 0 0 0 0
224 6 1 1 0 0 0 0 0 0
225 6 0 0 0 0 0 0 0 0
226 6 0 0 0 0 0 0 0 0
227 6 0 0 0 0 0 0 0 0
229 6 0 0 0 0 0 0 0 0
230 6 0 0 0 0 0 0 0 0
231 6 0 0 0 0 0 0 0 0
232 6 0 0 0 0 0 0 0 0
235 6 0 0 0 0 0 0 0 0
236 6 0 0 0 0 0 0 0 0
237 6 0 0 0 0 0 0 0 0
238 6 0 0 0 0 0 0 0 0
240 6 0 0 0 0 0 0 0 0
243 1 0 0 0 0 0 0 0 0
244 4 0 0 0 0 0 0 0 0
250 6 0 0 0 0 0 0 0 0
251 6 0 0 0 0 0 0 0 0
252 4 0 0 0 0 0 0 0 0
253 4 0 0 0 0 0 0 0 0
254 4 0 0 0 0 0 0 0 0
256 4 0 0 0 0 0 0 0 0
257 4 0 0 0 0 0 0 0 0
258 1 0 0 0 0 0 0 0 0
259 1 0 0 0 0 0 0 0 0
260 1 0 0 0 0 0 0 0 0
262 1 0 0 0 0 0 0 0 0
263 1 0 0 0 0 0 0 0 0
264 1 0 0 0 0 0 0 0 0
265 1 0 0 0 0 0 0 0 0
266 1 0 0 0 0 0 0 0 0
269 1 0 0 0 0 0 0 0 0
271 6 1 1 6 0 0 0 0 0
275 6 0 0 6 0 0 0 0 0
fl=/build/eglibc-X4bnBz/eglibc-2.19/string/../sysdeps/x86_64/cacheinfo.c
fn=handle_intel
305 15 1 1 0 0 0 12 0 0
306 6 0 0 0 0 0 0 0 0
317 3 1 1 0 0 0 3 0 0
319 6 0 0 0 0 0 3 0 0
320 6 0 0 0 0 0 3 0 0
322 7 0 0 2 0 0 0 0 0
328 27 2 2 0 0 0 12 0 0
333 6 0 0 3 0 0 0 0 0
335 9 0 0 0 0 0 3 0 0
336 3 0 0 0 0 0 0 0 0
340 18 0 0 3 0 0 9 0 0
341 6 0 0 0 0 0 0 0 0
344 15 0 0 3 0 0 9 0 0
345 6 0 0 0 0 0 0 0 0
348 15 0 0 3 0 0 9 0 0
349 6 0 0 0 0 0 0 0 0
352 15 0 0 3 0 0 9 0 0
353 6 0 0 0 0 0 0 0 0
357 4 0 0 1 0 0 0 0 0
358 2 0 0 1 0 0 0 0 0
361 1 0 0 0 0 0 0 0 0
362 15 1 1 12 0 0 0 0 0
fn=init_cacheinfo
550 7 0 0 0 0 0 5 0 0
563 3 0 0 1 0 0 0 0 0
570 2 1 1 0 0 0 0 0 0
572 4 0 0 1 0 0 1 0 0
575 1 0 0 0 0 0 0 0 0
576 4 1 1 1 0 0 1 0 0
578 2 0 0 0 0 0 0 0 0
581 1 0 0 0 0 0 0 0 0
582 5 1 1 1 0 0 1 0 0
589 2 0 0 1 0 0 1 0 0
607 5 0 0 1 0 0 1 0 0
614 21 1 1 0 0 0 2 0 0
620 6 0 0 0 0 0 0 0 0
623 15 0 0 0 0 0 0 0 0
625 2 1 1 1 0 0 0 0 0
631 6 1 1 2 0 0 1 0 0
657 3 0 0 1 0 0 0 0 0
669 4 0 0 0 0 0 0 0 0
670 5 1 1 0 0 0 0 0 0
744 2 0 0 0 0 0 0 0 0
746 3 1 1 0 0 0 1 1 1
747 1 0 0 0 0 0 1 0 0
749 2 0 0 0 0 0 0 0 0
750 3 0 0 0 0 0 1 0 0
751 1 0 0 0 0 0 1 0 0
754 2 0 0 0 0 0 0 0 0
756 3 0 0 0 0 0 1 0 0
757 1 0 0 0 0 0 1 0 0
759 1 0 0 0 0 0 0 0 0
760 3 1 1 0 0 0 1 0 0
761 1 0 0 0 0 0 1 0 0
763 6 0 0 5 0 0 0 0 0
fn=intel_check_word
150 588 0 0 196 9 9 0 0 0
153 189 0 0 0 0 0 0 0 0
161 108 1 1 0 0 0 84 0 0
162 24 0 0 0 0 0 0 0 0
164 10 0 0 0 0 0 0 0 0
168 108 0 0 12 0 0 12 0 0
170 149 1 1 40 0 0 1 0 0
172 30 0 0 30 0 0 0 0 0
174 60 0 0 0 0 0 0 0 0
182 60 0 0 0 0 0 0 0 0
235 66 0 0 3 0 0 0 0 0
256 2 0 0 1 0 0 0 0 0
275 28 1 1 14 0 0 0 0 0
277 4 1 1 2 0 0 0 0 0
279 4 0 0 2 0 0 0 0 0
281 2 1 1 2 0 0 0 0 0
289 10 0 0 0 0 0 0 0 0
290 4 0 0 2 0 0 2 0 0
295 28 0 0 28 0 0 0 0 0
300 72 0 0 60 0 0 0 0 0
fl=/build/eglibc-X4bnBz/eglibc-2.19/time/../sysdeps/unix/sysv/linux/clock.c
fn=clock
29 6 1 1 0 0 0 3 0 0
35 18 0 0 0 0 0 9 0 0
38 6 0 0 3 0 0 0 0 0
39 21 0 0 3 0 0 0 0 0
40 9 1 1 6 0 0 0 0 0
fl=/build/eglibc-X4bnBz/eglibc-2.19/wcsmbs/../sysdeps/i386/i686/multiarch/wcslen.S
fn=wcslen
28 3 1 1 0 0 0 2 0 0
32 1 1 1 1 0 0 0 0 0
33 1 0 0 0 0 0 0 0 0
35 1 0 0 0 0 0 0 0 0
36 1 0 0 1 0 0 0 0 0
37 1 0 0 0 0 0 0 0 0
38 1 0 0 0 0 0 0 0 0
39 1 0 0 1 0 0 0 0 0
42 1 0 0 1 0 0 0 0 0
fl=???
fn=???
0 2015427 20 17 2015332 3 1 39 1 1
fn=__libc_csu_init
0 32 2 2 9 1 0 10 0 0
fn=__x86.get_pc_thunk.bx
0 4 1 1 4 0 0 0 0 0
fn=_dl_debug_initialize
0 1 0 0 0 0 0 0 0 0
fn=_dl_sysinfo_int80
0 18 1 1 9 0 0 0 0 0
fn=fill
0 28213326 2 2 10076190 0 0 4030482 251907 251395
fn=main
0 141 7 7 58 1 1 61 1 0
fn=square_dgemm
0 6027546900 3 3 3245347555 260702294 7543289 232609338 413939 0
summary: 6239340579 920 912 3324012776 260704223 7544903 280993107 666066 251591
